,x,y,z
0,0.007912766292898605,0.18301950241288392,-0.11914858453369527
1,-1.5886368011996421,-1.233584829234997,-1.4991949178589077
2,-1.3124299477279104,-1.5231667596345384,1.2958592832577172
3,-1.5872707075413117,1.6346434128267713,-1.2412943867036716
4,-1.33336291387166,1.31925443105416,1.6090976171500997
5,1.3045812023710477,-1.1997972773633019,-1.726688218552785
6,1.5651959951508663,-1.465883606772229,1.0781181484422255
7,1.338324970468364,1.6469560512782004,-1.4738069449297588
8,1.5507632000874683,1.3919331170654878,1.3582033730069534
9,-2.920546147287532,0.036197388842702925,0.1716027305989017
10,-0.0035268891108798392,-2.8109383518932733,-0.3496243085211903
11,-0.2505747873904165,0.33407563371086185,-2.921399779345654
12,0.24520698089536483,-0.22581616509532154,2.756558704052582
13,-0.020214685384264717,2.9509973833187297,0.180081125427522
14,2.9238891994970437,0.10766040930773235,-0.26347078705295646
15,-2.8693248377235294,-2.850329170262441,-0.07807474997179212
16,-3.1114611321378716,0.2943916710739726,-2.6856794673067816
17,-2.6464362411360307,-0.2820432371025441,2.977764929720901
18,-2.8856611067081963,2.867085106318544,0.42238589338973037
19,-0.2355606599856014,-2.5811388755549523,-3.0946480738768813
20,0.23674001693306412,-3.0307724540220917,2.505219362532589
21,-0.19382395818518963,3.110059817365384,-2.7061361608153724
22,0.19290824802556755,2.6620228956219316,2.9914732509831445
23,2.857814118100126,-2.7581327891428464,-0.4920983990403477
24,2.713801258785708,0.28242743812708376,-3.0403567775556524
25,3.064725801800061,-0.12117648666520296,2.5913323639608357
26,2.901388449975907,2.9078016462915333,-0.02658811342208495
27,-4.386682404626673,-1.3017350377233994,-1.3062366546310566
28,-4.2139163169530045,-1.546189552772101,1.5137620389601052
29,-4.405858627102102,1.5832792915328495,-1.0593193210492025
30,-4.18063325729459,1.3011110545685194,1.8368415133298719
31,-1.538889840445166,-4.157347683051413,-1.6818961464188613
32,-1.3261648358516418,-4.338033504432884,1.1310117314487393
33,-1.757967704252468,-1.0794855591206995,-4.275498342536313
34,-1.1106610182206684,-1.786469644167078,4.133414737164312
35,-1.7381880813510198,1.790200524413139,-4.1243057042593545
36,-1.114418075537901,1.0615501736469237,4.384664683760695
37,-1.5583991376915267,4.376415038276641,-1.104379779282254
38,-1.366105189478435,4.167041406365197,1.8173230782625367
39,1.3279288059326586,-4.11176568054202,-1.8870109051124901
40,1.550142370554567,-4.295825867334703,0.9411305983874181
41,1.1648718251328114,-1.086295139197104,-4.430707281187847
42,1.7386763626778972,-1.6905871120543572,3.981550701025733
43,1.2105659490520306,1.7565053984114836,-4.274587495553396
44,1.7078932049882738,1.1766760485439745,4.180883061751847
45,1.3695463766597036,4.382699973352675,-1.3241446685303764
46,1.5049138464442826,4.241803031756001,1.5311607536222431
47,4.230706456022344,-1.248359205020951,-1.783159076627373
48,4.375676041491088,-1.4408432508013709,1.048208092427299
49,4.282937096022028,1.5817243706990496,-1.5699909403071157
50,4.395444383970638,1.4357401543370762,1.2782025927602618
51,-3.061344869087207,-2.6486234899950554,-2.889641426738271
52,-2.678599347012213,-3.0583820597148943,2.7218698643905626
53,-3.085976898866525,3.0865237690220324,-2.5321617050938943
54,-2.650508902761218,2.5951079651627755,3.270441604662059
55,2.6963755925915276,-2.596662577803369,-3.212064131099436
56,3.0467922414689905,-2.966953292952001,2.4199444840220914
57,2.7781400983380085,3.045022078939448,-2.869731648108299
58,3.0053414471714954,2.7687247355050233,2.8083773671861025
59,-5.7034767761484995,0.020448809596790695,0.2927978487049673
60,0.01297126157448156,-5.643518605229598,-0.4037735619088996
61,-0.31654322101453547,0.3717907767470474,-5.661297769580028
62,0.3659141222170852,-0.39376872284273523,5.581078561798267
63,-0.03067076715333877,5.688409452753722,0.2376237772381413
64,5.754115745911936,0.0686013300142577,-0.21556328246745118
65,-4.332453203278896,-4.246489554433537,-1.4842215854548182
66,-4.260979511487277,-4.332902803074395,1.3552443339271716
67,-4.526118782669733,-1.174962274867218,-4.151845935866704
68,-4.064103456729431,-1.7521461070758189,4.331973678694893
69,-4.549921381904804,1.714672566174632,-4.0262180002886225
70,-4.031637717550618,1.0718766761058247,4.589426163408412
71,-4.393574458439291,4.342145207588218,-0.9571578433208559
72,-4.187443534952487,4.128558740188902,2.013540380858863
73,-1.6588916682570622,-4.071620359993221,-4.411532726715005
74,-1.1885161597120077,-4.489033830300297,4.030430826394161
75,-1.6422692463186934,4.488338323995185,-4.071610942267536
76,-1.1819871300727622,4.04189991673512,4.557105248160202
77,1.2181680488384292,-4.039585597182224,-4.534825354384692
78,1.681111753884099,-4.454326409231061,3.9034935718891957
79,1.3074359374360474,4.447956636858802,-4.21077853469491
80,1.602013661700484,4.13688986632373,4.331876984142757
81,4.216134620385489,-4.148405512900519,-1.887743096092692
82,4.338135632759526,-4.294555312350111,0.9554900984348985
83,4.154766750995428,-1.1876954630682581,-4.483138139701079
84,4.45414259090474,-1.5722651754973644,4.008928623238045
85,4.2057406754733275,1.6223378332467533,-4.3600233596203335
86,4.435533924782496,1.3210986078287918,4.1631344911829125
87,4.323779397475902,4.318274303702911,-1.4471304798275582
88,4.331452536568409,4.295351628230828,1.417372717173143
89,-5.718139363774428,-2.86420845647606,-0.005540019005277944
90,-5.856973324612247,0.1942439462986813,-2.5994514247320137
91,-5.561159765581517,-0.22021055046269844,3.1181469522844445
92,-5.692601702158732,2.850272405552324,0.5236852999228688
93,-2.8651750871014423,-5.699111649199635,-0.15920673303677224
94,-3.1837097353523203,0.34108747236282844,-5.566786504504533
95,-2.518036776960328,-0.4409461522757299,5.739533131443564
96,-2.8926014764746104,5.630602835294612,0.46802267519595425
97,-0.14533514059802938,-5.562362903659675,-3.147443478505558
98,0.1660478972923747,-5.77547032614956,2.4857279304553668
99,-0.2931706910652257,-2.5538402287790007,-5.779192545886839
100,0.3361977065410814,-3.166501012067026,5.466336481364893
101,-0.22879678119687258,3.126402470433114,-5.6067525008721635
102,0.30584301561559707,2.549651436778951,5.745195323425505
103,-0.1115963143124926,5.798761213573351,-2.6894041576312615
104,0.11184120483710246,5.603474533561204,3.057544782612883
105,2.8562952643012767,-5.6433739770604285,-0.5026834567748986
106,2.6626308331861126,0.274882394368294,-5.7680345725154245
107,3.100440672787385,-0.23357307001423475,5.530377474844322
108,2.8776254495193068,5.714022741755133,0.005883020246358251
109,5.700960082679591,-2.803375921304946,-0.3905983765709038
110,5.685296173689067,0.1571399980043089,-3.017396032238738
111,5.808206888462917,-0.05101656181053006,2.6706553404771265
112,5.778395728707811,2.8988128654568657,-0.03382972331532255
113,-5.813035113174171,-2.748785914646338,-2.786636403918655
114,-5.629762964116325,-2.9895210264990335,2.883701653982487
115,-5.858139028240705,3.0266454839356753,-2.483441163864123
116,-5.548957900103976,2.6319495751778166,3.3731727658886417
117,-2.9579661406766276,-5.634379265211706,-2.9744315967584303
118,-2.7599039112842854,-5.783697052299796,2.681300381968402
119,-3.1264714411241292,-2.6111973439317535,-5.671308698222851
120,-2.5827114660969177,-3.176249846864067,5.603573252073722
121,-3.125162629161299,3.1300715416880904,-5.5218044234913375
122,-2.557559353407934,2.5100826850001083,5.9211465842423685
123,-3.012236728029757,5.7868730523298035,-2.5340908532577577
124,-2.715105141351392,5.54502662012409,3.308359995753809
125,2.7445271640151994,-5.561679823837188,-3.2233010173526377
126,2.9909509311538582,-5.776786452703818,2.4323085036177976
127,2.6680511285844823,-2.6153078153837064,-5.853852023885808
128,3.093379064281905,-3.0707757437562186,5.439466623517238
129,2.747233696369586,3.0244458769035556,-5.709072436420788
130,3.024049066768084,2.7046207067684858,5.661874727501259
131,2.860060063777588,5.737616667016513,-2.846205287966675
132,2.890552318958927,5.701537434761527,2.865598307576308
133,5.652652332198124,-2.695757476178387,-3.132451283023015
134,5.772476284181353,-2.9287192277788203,2.546664673347586
135,5.758832356689989,2.9055668298410695,-2.889665764158512
136,5.767594985679029,2.8671546376283703,2.84005046655036
137,-4.422611670021059,-4.1694899945370025,-4.28057872179715
138,-4.153503759775659,-4.440734881930685,4.213528292861123
139,-4.485541638247546,4.465235481704119,-3.9996688800204985
140,-4.073115798119613,4.038414350513667,4.7160844155266854
141,4.1721072721196775,-4.105429450155153,-4.525133598573057
142,4.413559604939564,-4.4094674349536485,3.9585312296786817
143,4.300867262630088,4.318595886750929,-4.29645896685844
144,4.322296531049494,4.277052001962969,4.273533813153179
145,-7.181969466908015,-1.3505125343508924,-1.284210754226024
146,-7.08116550633775,-1.4927054799575248,1.5530692409242963
147,-7.168183216022415,1.5312973088195887,-1.0704765440204682
148,-7.043048306280823,1.3442987995263918,1.831711575633539
149,-1.4746999651500527,-7.0830393654815715,-1.6258135642490494
150,-1.3722809682082953,-7.135243803983033,1.1965928335917995
151,-1.729788685499897,-1.130230884893978,-7.064135443847365
152,-1.085890475661016,-1.818734140820777,7.031547889779827
153,-1.7009202296374846,1.714939345390458,-7.02846483591033
154,-1.0983728011121585,1.0454172190083313,7.125386336486294
155,-1.5036993446687472,7.11532671985864,-1.1742488669346625
156,-1.406100106758676,7.050575069878882,1.7191831416637517
157,1.374061230537925,-7.057892903549317,-1.7862373600143275
158,1.4980947913009786,-7.118090520761467,1.036647198045604
159,1.1990763606405634,-1.1742632889241014,-7.1460581452930185
160,1.7237847556892936,-1.723493122417958,6.977599145043162
161,1.2309695571235222,1.6577835082909416,-7.101942330520082
162,1.6897789102005545,1.1492123094683275,7.058210629657993
163,1.4165524203932383,7.1391558661056145,-1.383718472437451
164,1.448326650366916,7.124355779500412,1.4668261593709981
165,7.141672053365861,-1.3522564842306717,-1.6138551409375992
166,7.158789111058813,-1.4468198253500835,1.2315108940424566
167,7.196019740786526,1.4701680220245623,-1.4667444658235442
168,7.194853403508112,1.4519514238224662,1.4025027904378662
169,-5.724457657205576,-5.713790356383133,-0.024698109969071638
170,-5.898521835447842,0.2012782532313415,-5.564172369070021
171,-5.510493017700534,-0.3154436925031581,5.872220207467543
172,-5.702614671085337,5.639501477295801,0.5104623480218454
173,-0.14667359316238224,-5.560279445618199,-5.832607799431929
174,0.2076727456986425,-5.843267343404065,5.48510791097301
175,-0.1005511153670479,5.806037931452768,-5.627895918575784
176,0.17051294425750307,5.582154081264968,5.816727175525355
177,5.715713482673107,-5.683723743193517,-0.3372832477882471
178,5.65393941146128,0.11973437739304743,-5.788696113356278
179,5.785948270538182,-0.0827906803106487,5.622427317215925
180,5.743136597616948,5.724064643922521,-0.006168305967713804
181,-7.151890221598345,-4.2802931601241925,-1.4385399441533093
182,-7.1374273175376155,-4.2909767779276216,1.4212000311091153
183,-7.225424753825555,-1.3158617581089143,-4.174036190691139
184,-7.040627409141911,-1.5928530321626237,4.393160322876945
185,-7.2477331568658,1.5842348652587237,-4.068255678890891
186,-7.005851261180852,1.1989210495119156,4.586481303144601
187,-7.164557900919776,4.331258604571927,-1.0180924840126273
188,-7.066938115552126,4.183900366007243,1.929360323085135
189,-4.300841332296028,-7.141270778106278,-1.4552172695973427
190,-4.29696207971038,-7.138855190671194,1.4021759897019617
191,-4.4886976324152,-1.2276627273772274,-7.05299643602831
192,-4.037618888006673,-1.7497967641967063,7.145620963202161
193,-4.502999899600738,1.653572805378327,-7.017424504794789
194,-4.0490496660615545,1.1219470678417955,7.2429351670733135
195,-4.35114690818128,7.086874423370251,-1.0569786149026696
196,-4.232224535541093,7.026124578324274,1.8607673590707434
197,-1.5202325007126865,-7.067930658423245,-4.406728242833002
198,-1.3280637787610565,-7.182806686005761,4.1192317331150905
199,-1.607853053515696,-4.112011685716688,-7.15817123138175
200,-1.1927384895739976,-4.501667463509538,7.0093888813965854
201,-1.5769330454136554,4.427054873505456,-7.048813645210459
202,-1.2011873541218607,4.058589023223801,7.22426966920589
203,-1.5199934682993321,7.18980771203663,-4.150979124858103
204,-1.3018283252200173,7.054633288886983,4.482907427420356
205,1.3319134475770142,-7.040945062116486,-4.467101274512454
206,1.551489368818716,-7.187117377066482,4.006358699442559
207,1.2917783072905,-4.129136032487906,-7.204663659592053
208,1.6586766477128478,-4.473613237232959,6.964249014246983
209,1.341001934016796,4.378027994338302,-7.1058877703141325
210,1.5760969922633068,4.136881507520192,7.152065538295387
211,1.418678788713857,7.152722539200466,-4.262845121535865
212,1.4650359634502403,7.124142057101932,4.310092331604434
213,4.263852980475069,-7.085995985059342,-1.736408117366215
214,4.332081392893509,-7.149723576705781,1.0995831933093787
215,4.188592562268125,-1.3057125333337731,-7.19418520342166
216,4.405641453723286,-1.5677080264233598,7.021036223943815
217,4.20793622273189,1.5250388995976807,-7.167839508260599
218,4.378625870745728,1.327417425384223,7.07907425019436
219,4.2963505822113355,7.144662509550864,-1.4242158280433186
220,4.299813664880224,7.138965886960042,1.4259371557609704
221,7.129477036012369,-4.2286295145993105,-1.657450110154309
222,7.149997088108038,-4.293869152361756,1.1915678718923945
223,7.119228216858682,-1.331633784736335,-4.388906107202176
224,7.163847387837105,-1.4829825737336084,4.184321370428247
225,7.166190762963867,1.4580208221737176,-4.314185369881027
226,7.165672869532979,1.4252662699734975,4.281514576669288
227,7.184223350600601,4.312591653248124,-1.445030240169647
228,7.180943415486032,4.300515678589631,1.4232569678516998
229,-5.7293410969003595,-5.71231180798893,-2.868521431667597
230,-5.712851673649689,-5.717722226787541,2.8509304793199624
231,-5.825531387229462,-2.743114923624281,-5.643831481002322
232,-5.582463239492987,-3.049504352099564,5.733551182198998
233,-5.879232073612938,3.0440338882739884,-5.528443702190706
234,-5.536183242431253,2.609092791434406,5.981879984622838
235,-5.81120658422958,5.774190726106701,-2.527215451463328
236,-5.5958303678757995,5.563496827420242,3.3279498708946518
237,-2.9700964193144612,-5.615048364901186,-5.760240046743333
238,-2.723752334767943,-5.8248642971895395,5.609084073151101
239,-2.990059004364995,5.823057678150176,-5.563345056345264
240,-2.6679723277675187,5.549240250858248,5.938697750238037
241,2.757490454900555,-5.587757187958927,-5.8366369072346
242,3.0029616956602387,-5.828847458053879,5.473845386388126
243,2.857115212394926,5.724698552972068,-5.708630641752236
244,2.880278310590281,5.68972604072912,5.713600407132818
245,5.674008241277928,-5.625701165916151,-3.0888434437417978
246,5.766258825600286,-5.75892941910865,2.585572160969022
247,5.649444462481934,-2.745615696179578,-5.808583232213446
248,5.774679436420769,-2.9565789172650367,5.562702351402911
249,5.724594816543537,2.8748670635564735,-5.730938128959728
250,5.735632519156554,2.855940494750941,5.704503893101105
251,5.736072791430715,5.730780888805568,-2.864464180530807
252,5.7380363004621255,5.717975962082603,2.850749026837701
253,-8.539418109512052,0.02481082305967879,0.20416732481083305
254,0.004231935694043384,-8.534609055768039,-0.2119852449321438
255,-0.1995533087072107,0.19595559390344167,-8.506149629235841
256,0.26061597623018096,-0.29286001617037716,8.48852445617858
257,-0.005258158843508087,8.5505148125008,0.061335276861395324
258,8.594943775900402,0.011207286231194463,-0.01890482341316717
259,-8.561466395955803,-2.8523252622952158,0.005222384142454286
260,-8.600031630998695,0.08085095756690361,-2.7145106414651994
261,-8.498696873461336,-0.09301175841673473,3.025513650246601
262,-8.527384960183868,2.862582683144203,0.3544813034388394
263,-2.868187563892532,-8.563416762669494,-0.027822861602101696
264,-3.056312397015038,0.19754820976201212,-8.492618754850406
265,-2.6260695886171748,-0.2757272029123603,8.546165422745428
266,-2.873235104853411,8.498054519042027,0.24507723293717856
267,-0.058782482876583504,-8.527470806561691,-3.0007588838216765
268,0.046966976397236584,-8.564113353677671,2.680817876666089
269,-0.1480100663259181,-2.70496037038556,-8.545736303009228
270,0.23922375372652435,-3.0906867356241503,8.474272554061582
271,-0.12462796089650922,2.9706212059195254,-8.522905140030439
272,0.1902753966140831,2.640136809011689,8.548077161464729
273,-0.018766156675392394,8.55791234564309,-2.8125226372747116
274,0.02690517211255536,8.554522138104257,2.8985830801853676
275,2.8642469305155043,-8.543242510855867,-0.26092006144952173
276,2.7534300326557055,0.10039426874911465,-8.565714585573556
277,2.9967613066624916,-0.15364206567372868,8.505212678077896
278,2.861635506629753,8.566685906910976,0.003399243679432696
279,8.572209600611442,-2.847316236380269,-0.12056088259371271
280,8.592312811056015,0.01824553309980048,-2.8822742924873297
281,8.576993214252038,-0.008872437127158378,2.8549555150573833
282,8.607610711050903,2.8774922648627483,-0.009642336446518815
283,-7.155982153995532,-4.275017262308784,-4.271728408734286
284,-7.135566864869421,-4.2944076599037055,4.288906750643707
285,-7.2223691427552605,4.394016661289629,-4.072531655057408
286,-7.041131449357266,4.129980265620955,4.614753549159901
287,-4.294817140120597,-7.133769661314973,-4.299977772883943
288,-4.277787747725214,-7.143371140683529,4.272262157178401
289,-4.376844974847034,-4.193179660315775,-7.121785973363232
290,-4.149504322779921,-4.423697097572745,7.108755336949793
291,-4.417027568497607,4.418153756572824,-7.03618517955418
292,-4.130917362550461,4.118811380886757,7.282145541563171
293,-4.366535632245063,7.1869888998862255,-4.102964259660428
294,-4.171014465470754,7.043295214977412,4.56203581408194
295,4.245842393846842,-7.072547170301222,-4.416635042903867
296,4.359333364088732,-7.186187980959154,4.076110941682925
297,4.232529478267053,-4.211650215609704,-7.183031954418979
298,4.3750481286434235,-4.393526360002167,7.018739849762695
299,4.289574464066798,4.2881645442314875,-7.141701108912881
300,4.294233602539518,4.272199955088428,7.1359155207434535
301,4.293547366391122,7.144428168197345,-4.284139899889525
302,4.298788176072292,7.136467769955967,4.284433434904195
303,7.122236910250708,-4.214202078925595,-4.374348578760422
304,7.1556617421278,-4.328430276770334,4.156437767517867
305,7.161661026130868,4.300771795329071,-4.300249578330739
306,7.160162019190826,4.29248692458563,4.284857732058557
307,-8.576742212917779,-2.8396900804614567,-2.844090131832747
308,-8.554847784890056,-2.859268910625639,2.858864719188458
309,-8.590689853695313,2.9449512381687155,-2.625903061713833
310,-8.496952843565673,2.7358775413605283,3.175047640684964
311,-2.8659539366253233,-8.562517631490744,-2.8777149139972105
312,-2.8565994778822974,-8.561585806919885,2.8321104087939077
313,-2.998041996565688,-2.7120096789845523,-8.527797480266223
314,-2.6493600273539775,-3.0746031781625605,8.52891771330305
315,-2.996039403753802,2.98786073636491,-8.505910958028382
316,-2.695385235526816,2.668162402216183,8.599669784814473
317,-2.91049209014949,8.553321459184096,-2.6945484831145845
318,-2.796805027220061,8.510593059823039,3.0594466792052053
319,2.8219380258788282,-8.523503106093655,-3.0207956759036088
320,2.9099586349131457,-8.57286112802635,2.6432629859730707
321,2.792639527306454,-2.781003520673482,-8.57954506260122
322,2.9918575791262008,-2.993895179435517,8.491632494062554
323,2.8034973576137387,2.9050247027440714,-8.565067879103859
324,2.9315410396061314,2.7569871056791775,8.549775837751746
325,2.8607775265504225,8.56761443094827,-2.8488156666228357
326,2.8702494255875535,8.564698936569087,2.8553841729822675
327,8.577395480451177,-2.8120925612996386,-2.9314814213983666
328,8.560857125553778,-2.8717300885972996,2.7862472899924002
329,8.598056941235008,2.873646561147175,-2.872244491416862
330,8.590423706946934,2.861836781292849,2.8619310522229333
331,-5.722976132103758,-5.701129699748652,-5.708854644198812
332,-5.702344318296495,-5.718514447402647,5.717009134083908
333,-5.795223748504821,5.8035608209413025,-5.581401961479837
334,-5.6093630910980385,5.600792832593375,5.911870394410008
335,5.6935932153896545,-5.660874135232268,-5.756208149712235
336,5.752481667510418,-5.763883793780683,5.595023978374571
337,5.722318200783296,5.719900309929007,-5.717338906263826
338,5.720881837661914,5.711248228783271,5.715495373760175
339,-9.99205149618733,-1.417264248871826,-1.4109159761212549
340,-9.985743037901289,-1.4261534284550594,1.4383971807118294
341,-9.976336049143686,1.4587971363730379,-1.2968093687682132
342,-9.96713338202565,1.406933743821472,1.5845160492405514
343,-1.4346960639906443,-9.992131525193077,-1.4436085356201076
344,-1.4333592857041395,-9.991544811377866,1.4119910315796789
345,-1.5169791712104048,-1.334651641765417,-9.953346840193053
346,-1.2799708471185507,-1.576040954264124,9.956354267600158
347,-1.5207682248253864,1.5087290492252017,-9.965669745920588
348,-1.3157947941156976,1.293337724903275,9.963059514918372
349,-1.432663102771345,9.982239341819865,-1.3886950455353704
350,-1.4217087405258428,9.986823543727416,1.4659481312731435
351,1.4137523420187086,-9.982517265398748,-1.5308954934310903
352,1.4386882841266964,-9.972789277485413,1.3127606113912271
353,1.374857085247828,-1.380218095528618,-9.974416125957577
354,1.5420338531096975,-1.5519968447306993,9.96702155687497
355,1.3668936511471246,1.4721878448271126,-9.97736875196321
356,1.51632316181607,1.3091099031411324,9.973026363181775
357,1.4268581959191706,9.991010199417355,-1.4219135282052175
358,1.4345073234438377,9.994875895358659,1.4307237576881637
359,10.004301673362914,-1.4222235111990722,-1.430741967965058
360,9.998470812227543,-1.4317015416270933,1.4298664331870226
361,10.010439528362907,1.4334492141617805,-1.4328743085486717
362,10.002627233054506,1.4272605724665648,1.4327935444384587
363,-7.145990182506999,-7.140397893077229,-1.4326756755951449
364,-7.1398113866124095,-7.135970797854386,1.427533153129858
365,-7.1650757123521815,-1.393375398621906,-7.1109391894046885
366,-7.058905863481889,-1.56420549260864,7.1980266708694245
367,-7.207181598891314,1.5220070756282669,-7.0746180199644675
368,-7.049245233243904,1.2830498657274685,7.244704902074378
369,-7.151611673361195,7.143369238483564,-1.1989572877428138
370,-7.10911537306533,7.102558862300549,1.68598239517679
371,-1.4283154571064893,-7.127843598068642,-7.1450831221244755
372,-1.3565393355169022,-7.16787143852507,7.0856418687170635
373,-1.4294504222527464,7.139824295564485,-7.133785650463008
374,-1.3634014656907532,7.104024917425938,7.181051691713048
375,1.429814786689279,-7.130741249255813,-7.1422536566486015
376,1.5162613554410167,-7.191897540910095,7.03941542603784
377,1.4331903821900165,7.138687048520561,-7.140021231978073
378,1.4497138534646665,7.130290202951735,7.1488588251553535
379,7.147053741396623,-7.127898507255111,-1.531844342229417
380,7.156805826109592,-7.151366396638872,1.3129010014339273
381,7.1412306413857465,-1.4262368799125174,-7.138766885445358
382,7.1288016540856205,-1.4292130197241262,7.147686870963692
383,7.142643955507494,1.4284692344266634,-7.143605366471503
384,7.140197950416031,1.4276363011710633,7.1467182432538205
385,7.150076599126014,7.152230441378173,-1.4282926729609902
386,7.1535262301467615,7.146023538351876,1.426314473092289
387,-8.568211131045413,-5.709102136204962,-0.0016987444401604487
388,-8.583577945504114,0.03604024901076264,-5.678212705088935
389,-8.513207458978409,-0.1206244625781326,5.817199197693082
390,-8.554596579009779,5.71015872359187,0.241451822633256
391,-5.7177447171878475,-8.565760773248137,-0.004217798525484727
392,-5.794331507439147,0.09572401601959311,-8.526696273253654
393,-5.5999147268732345,-0.14811872715722366,8.60097450250074
394,-5.704754690037104,8.534016900681852,0.2188163476616124
395,0.0007458426361398688,-8.561718866051033,-5.719987709392085
396,0.041475127943913614,-8.571733050268207,5.638905657690845
397,-0.012325719598767021,-5.687637422779877,-8.561619502395098
398,0.12347865835617011,-5.794372288156781,8.504497237374073
399,0.0008594041970018374,5.71310162390083,-8.564786113437979
400,0.05366505138871245,5.661716690851028,8.576805522101475
401,0.0015513831121838854,8.565448423557093,-5.707549295647637
402,0.02775768254309919,8.565533445924858,5.730100302616358
403,5.727085030256242,-8.57397411312551,-0.1225058488611185
404,5.712570591642743,-0.0006472520445652832,-8.565546840731319
405,5.705792925196906,0.0017438793141519285,8.572211075248287
406,5.7177713852627,8.572972007519333,0.0036736561561205388
407,8.57401997706758,-5.70733471195034,-0.07213830583519935
408,8.572186758336791,0.002907811343027864,-5.717133703466863
409,8.567560403507303,-0.005695302926310849,5.722486247823431
410,8.58812810072664,5.724119477243124,-0.0023573268503918965
411,-8.574268050695046,-5.7108527479266264,-2.853132864858647
412,-8.565930580435435,-5.7095333952825165,2.857086044206625
413,-8.570569353738588,-2.848575131218889,-5.700156998637732
414,-8.56367216337681,-2.860817285415955,5.7166396754237825
415,-8.585524133667766,2.908951474400958,-5.63981302835551
416,-8.523657133996338,2.758873596009055,5.838311750724365
417,-8.5877126522938,5.74663810409104,-2.7108345642104115
418,-8.530504572496245,5.683354984743305,3.0377654793257247
419,-5.71660539243952,-8.566509638614113,-2.862522097352408
420,-5.712216010819732,-8.56532884854553,2.8574250817245725
421,-5.727416783941424,-2.8310672102998677,-8.553381199601215
422,-5.63278345418748,-2.9458867068809265,8.571858606629679
423,-5.773719084347879,2.9311199628398197,-8.541807742292848
424,-5.6512332468130655,2.780641033909453,8.604133894147978
425,-5.729680068804052,8.56717924258778,-2.719442924194135
426,-5.681965392896418,8.526939642698435,3.0204987722348973
427,-2.856517550654065,-8.561792141731138,-5.71972846147105
428,-2.8483831975988365,-8.56304216130085,5.708251851907165
429,-2.8633151705638276,-5.698617090875291,-8.561331416270333
430,-2.788775345123818,-5.75148293150762,8.553834600852936
431,-2.8598462268894504,5.714921877082532,-8.561084574825026
432,-2.7989793641450804,5.664573537696037,8.587879218872642
433,-2.857347790932814,8.567469938424512,-5.701875896551006
434,-2.816783904764507,8.563141645991875,5.765642558507514
435,2.8614514620197373,-8.561593555942862,-5.712286778769348
436,2.8929420012504212,-8.569320302816557,5.619168107370751
437,2.8571486156560586,-5.705951557857184,-8.563642890356636
438,2.9204429142969612,-5.768705414507636,8.530105962879032
439,2.859562726821122,5.711844029321777,-8.568968427751177
440,2.863804130102883,5.702559799111702,8.568832041155664
441,2.860645067923713,8.568697788638493,-5.710774980840879
442,2.8672023000124116,8.56679911764371,5.713850715624558
443,5.712428875864936,-8.562304707838631,-2.9163015399672974
444,5.733839583958331,-8.583349877363316,2.771051326856225
445,5.715110161131287,-2.8533954746745827,-8.567961319412122
446,5.702663041728924,-2.8576148456716957,8.5660751895625
447,5.713272925730306,2.855976207303399,-8.568055197687297
448,5.712850994435641,2.858168495720997,8.569378881815503
449,5.715069463570156,8.57353016679402,-2.8535427605487227
450,5.720693519409654,8.568062495980051,2.8580331662054634
451,8.576853856480582,-5.695942767019818,-2.891026345915545
452,8.565154411761815,-5.718687724778326,2.812007103488545
453,8.568658368266108,-2.8537549133086375,-5.710805666235072
454,8.559598899066717,-2.8564216745186877,5.720274794657658
455,8.577772524409339,2.8630528086035936,-5.7226900599937105
456,8.572115295660447,2.8564192493808354,5.718374958275046
457,8.58202756462716,5.727497494184821,-2.862087242147568
458,8.581323754645666,5.721112704956266,2.858344926240507
459,-9.993316844237114,-4.276678987003536,-1.4238538807070018
460,-9.990117852303701,-4.278532118068821,1.4300091280835576
461,-9.994117804574117,-1.4172765593595074,-4.274373071280212
462,-9.986356063346673,-1.428527745724712,4.287708678808769
463,-9.992083920728534,1.448403752890653,-4.2516701993072035
464,-9.978719895969817,1.3620675460037954,4.384474034632145
465,-9.987393044780486,4.312592485823751,-1.299984291348606
466,-9.98314395105734,4.27621588473886,1.5699931664269302
467,-4.28632182792475,-9.992504164259067,-1.4304466908780227
468,-4.284887151969113,-9.990510938289713,1.426867885892525
469,-4.331264608026711,-1.3684896136812497,-9.980156570033511
470,-4.197682799564544,-1.5107831929889328,9.987921409399908
471,-4.338016289749442,1.4864569067135869,-9.989704575288506
472,-4.236760324138342,1.369696830205879,9.994545388268827
473,-4.290239229226883,9.968617902337614,-1.3245598527866815
474,-4.267428085706685,9.971266877341503,1.5362070065479485
475,-1.429864368690653,-9.991715603025716,-4.290009169421648
476,-1.4279010082167545,-9.98984225002897,4.279002157856621
477,-1.440703744745314,-4.261598671413042,-9.980246314213494
478,-1.3300812968170472,-4.361520073582792,9.983617231213742
479,-1.4300454659947226,4.286047115546178,-9.99010488158176
480,-1.3876650140356146,4.237051698048179,9.986684407096446
481,-1.4288527541975364,9.987587404546328,-4.270608649533292
482,-1.411390630751598,9.994970520033956,4.298436866547729
483,1.4292297108734289,-9.991876114992353,-4.289230035613317
484,1.4408398693163673,-9.983165191286083,4.236809402707931
485,1.4209156264134173,-4.269462206407671,-9.982886498445815
486,1.5022317669740513,-4.344536761103197,9.992848851573227
487,1.4295249634213287,4.283329333779051,-9.991976620601331
488,1.4474618913881483,4.254866957298547,9.990231369348448
489,1.4286568140159412,9.991885776400874,-4.27762648073164
490,1.4386958029837738,9.995396723480637,4.284956219423343
491,4.282627745899798,-9.998166778917792,-1.4843446098640893
492,4.298616134741393,-9.996509619715399,1.3640036720448954
493,4.284574699876198,-1.424324740294413,-9.993632260787994
494,4.287676208899467,-1.4308752399603448,10.00049285652886
495,4.2851540345644334,1.4264240191696715,-9.991894265070487
496,4.286649250671555,1.4318383402435195,9.999783157457353
497,4.286483233535963,9.999053615878546,-1.4234086285405438
498,4.2892590434510325,9.99769832325023,1.4316028129767413
499,10.001991544160918,-4.281467522345556,-1.431582456420532
500,9.994844271437392,-4.281666197852616,1.4292558213297686
501,9.99901454996114,-1.4257233398856257,-4.287029256311627
502,9.995674578850188,-1.4311786278629504,4.2915978269530815
503,10.005505409198276,1.4325300215694663,-4.292143995861479
504,9.99756100066246,1.423753150344965,4.290502406007827
505,10.012973434639957,4.29604863370803,-1.4321208373017984
506,10.00901636474999,4.291538527862856,1.4328335232320324
507,-7.1442745875519185,-7.137435202713388,-4.2853816320307105
508,-7.138342383522407,-7.137800900282883,4.287634874088256
509,-7.142050867609578,-4.276792137844111,-7.133150947566923
510,-7.137111931357046,-4.289520983511616,7.144102805223207
511,-7.167071755787384,4.332067679303236,-7.102492066678104
512,-7.101584092214563,4.2265108622220495,7.200759955329468
513,-7.1661693980318235,7.169119280133833,-4.179920264641171
514,-7.097370946356262,7.099013818572294,4.421433135687976
515,-4.285820058991398,-7.13321303580399,-7.139967416726826
516,-4.274263035357492,-7.139385641538037,7.1436704131993505
517,-4.282109553848659,7.139797698591912,-7.130872883645946
518,-4.243514935382847,7.118518629636897,7.177561279463834
519,4.291277144088313,-7.1336944019028845,-7.134205320131884
520,4.310490547112036,-7.158545871577135,7.0967932423886735
521,4.287702329442024,7.141131478396778,-7.140093995312093
522,4.288193430085393,7.137948383203012,7.141577065643667
523,7.143699051452116,-7.129617855099488,-4.2981476318189005
524,7.147371858114133,-7.15209217806301,4.23799978877267
525,7.143264851048723,-4.281451447004532,-7.139279630934472
526,7.129826242102246,-4.282421228918689,7.14021800407265
527,7.144874229935377,4.287801355020928,-7.144346103836147
528,7.144626490116783,4.285943849480295,7.145188700971211
529,7.14673691348334,7.149484430477836,-4.28488589124815
530,7.146644314855602,7.141826581012873,4.287905801506189
