,x,y,z
0,-2.6611613722578835,-0.4025432938330217,-1.4191833733089367
1,-1.2586793405543135,-1.480582196814143,-1.3774424827570502
2,-1.3652729824114171,-1.4061906990204365,1.4127431328396183
3,-1.3638657927856517,1.4248731078700845,-1.3878147872411832
4,-1.359360768902357,1.4277177690922496,1.429409642967262
5,1.396975128932772,-1.393981435255165,-1.3891382974392745
6,1.3964291157079178,-1.3872662179842876,1.3980401803125693
7,1.3892916489765907,1.390553542379885,-1.3864658494683637
8,1.3926201656880282,1.3931711960269406,1.395793044365374
9,-2.9397343202973105,0.0653122051698417,0.2688371399353489
10,0.03667332852207832,-2.9313479035471937,0.030456079198797347
11,0.006959824393788899,0.007830632319797016,-2.913118464147358
12,0.00833095671528098,0.002701781135037509,2.90750885398629
13,0.012290376705091113,2.909718036026486,0.008530056710816794
14,2.895245028187537,0.0020927775483797813,0.0034176417158933506
15,-2.8439939706635946,-2.8522236972394515,0.023649609530567266
16,-2.8696084729451967,0.06130973751010182,-3.099196913780057
17,-2.849424228774195,0.006883224654680378,2.871583890053586
18,-2.84869890952292,2.8540025391552994,0.019051883516170976
19,0.0332481269228787,-2.877203205659707,-2.8706389857202903
20,0.013806198141828345,-2.8570392700812848,2.8646209050658684
21,0.014502281636580412,2.8644339454139875,-2.852292243112804
22,0.016662836570948664,2.8672951276309138,2.8684543745793887
23,2.8567091750660327,-2.8508617216784784,0.006222518704584378
24,2.852703072602321,0.003249643957776084,-2.8483827165099695
25,2.855113777677166,0.003778343963921523,2.8557961679725294
26,2.853039547580064,2.8529403606671906,0.0035926916239646224
27,-4.3262157932889185,-1.46335592004695,-1.4204264489184983
28,-4.310303463992645,-1.4555660411788174,1.4689446214891657
29,-4.282228406774795,1.4398149348490679,-1.4216680292820645
30,-4.325266140726983,1.4818253353244346,1.487423400310435
31,-1.4204976497642885,-4.282643655709307,-1.4257836829638508
32,-1.4237011058429123,-4.289879844905958,1.4432402547032273
33,-1.4007745429545204,-1.4483558518389443,-4.302366411872928
34,-1.423136097234622,-1.4287544437675426,4.292210189104573
35,-1.3910567476869664,1.4710467310125395,-4.3205807612985785
36,-1.4222674925552012,1.437546728060659,4.294439752160571
37,-1.4282114187710198,4.285649589752502,-1.4265301885988333
38,-1.4235652016676643,4.2928098581366205,1.4393587570585131
39,1.4455983871345828,-4.292559705380879,-1.4274277219784834
40,1.4486631084494423,-4.295494819360396,1.4468976338535666
41,1.4414264285290632,-1.4285926629785788,-4.288315415411229
42,1.4372603370301418,-1.427570688108834,4.29178612118748
43,1.4401413463479789,1.4380948516607588,-4.28833118974326
44,1.4371793777162585,1.433951656922301,4.291943059522784
45,1.4372419121746947,4.290971200696157,-1.4262490673657855
46,1.4384563537973427,4.2923514221699755,1.4360792546414667
47,4.286578444864029,-1.427322744889316,-1.4264576031725318
48,4.287582706399715,-1.4263930584238744,1.4337241425253926
49,4.285880463955788,1.432065030707836,-1.4261792744137942
50,4.286508212519938,1.4325957658773754,1.4330596065214019
51,-2.8349607701066772,-2.842141709172461,-2.8546623712257153
52,-2.8354927369292224,-2.844631675843067,2.855872035758701
53,-2.8388566348089794,2.8430453717293847,-2.8521975324260813
54,-2.836152899542765,2.859029950290131,2.862514912483016
55,2.849142268963013,-2.842239600846236,-2.8410490135505144
56,2.8489194630218724,-2.8389696121233476,2.84866672115913
57,2.8456779056690733,2.845100368614871,-2.8376735633864847
58,2.84644459089115,2.8456454483589013,2.846521315063626
59,-5.708102786566395,0.007800282586846252,0.02151256661169547
60,0.008060389269492433,-5.714341265525486,0.0063185050622117135
61,0.012764675878204465,0.002920472062166427,-5.7220915750244865
62,0.005605610634231222,0.003345607513658693,5.719942989049405
63,0.004157049320266147,5.717794957648725,0.003509531581513791
64,5.716338921929806,0.0030046131860647844,0.0032469671076335513
65,-4.274522841878571,-4.2752869474292,-1.4231650457482827
66,-4.279282038689764,-4.283124601080525,1.4392658813562935
67,-4.3029009871372,-1.4489693456375392,-4.306631760506527
68,-4.280115202978201,-1.4277289538384637,4.290228333672684
69,-4.3167765131773566,1.4736645485985005,-4.323954702394012
70,-4.281676523323703,1.4370973726354697,4.29194925539403
71,-4.273472693992078,4.28154771841036,-1.423927818718632
72,-4.280779122676619,4.289095485359054,1.4384694961645939
73,-1.420799510731054,-4.284628200625495,-4.284924445686013
74,-1.4218135373996743,-4.28180549810607,4.289501773377757
75,-1.4208567049831289,4.2882910672904515,-4.2826962446866
76,-1.4206688753241141,4.290863627372457,4.291504429241298
77,1.444708714314965,-4.290393748546981,-4.2881678487196995
78,1.437203063646783,-4.282420404600638,4.289855108253751
79,1.437743053387278,4.289958127736834,-4.280050431932917
80,1.4378958165686466,4.290073489531992,4.290285086290085
81,4.286649786215931,-4.27936101430901,-1.4241907029395642
82,4.287133617365482,-4.279501500582746,1.4334626123641196
83,4.285452526938361,-1.4245772021395549,-4.27831173764211
84,4.28593654590012,-1.4240851541433668,4.285568724813926
85,4.284856385865912,1.4316036436030448,-4.277900549090264
86,4.285383391224884,1.4315075799714574,4.285072451754987
87,4.28462776007092,4.284022941563702,-1.4239585603850335
88,4.284616277125172,4.284094640313118,1.4311834957302636
89,-5.719656285303681,-2.8658939087730824,0.014560053895710584
90,-5.7011080474118785,0.007364574039214349,-2.86353925897874
91,-5.71873129272701,0.003021148818772832,2.875399391608945
92,-5.713163524244621,2.8661647384368814,0.00432628327384241
93,-2.8504447145009957,-5.7068738240243695,0.005079055097932176
94,-2.850906879849956,0.0070128404120139935,-5.722965787535434
95,-2.851719851183284,0.004024637276660981,5.716266237312516
96,-2.8516772185726538,5.713126366234364,0.005384589370963878
97,0.0075036890951238845,-5.711292377548824,-2.8540607252550108
98,0.0066709128573626,-5.713065021708212,2.8643807025336576
99,0.015607715610583063,-2.862794801397522,-5.719253223782776
100,0.006196501633809595,-2.8539907951192176,5.717078582369968
101,0.019738661715954092,2.874804348168878,-5.724261312833409
102,0.007059254503445762,2.8615851907516303,5.718195574087627
103,0.004390326041816666,5.714829134824808,-2.8519586369326606
104,0.006622378159941313,5.71771414342415,2.861868778457721
105,2.864967447020664,-5.713136909476724,0.005118566287834567
106,2.8629763823769823,0.003930502170891302,-5.7112936144152195
107,2.8611974942711194,0.0033947587847386385,5.716425419205004
108,2.86096555310885,5.7159582038463705,0.0035930814133638394
109,5.714345818696175,-2.852293580356891,0.003759981405781892
110,5.713603840290409,0.0031763775506028474,-2.851850348831168
111,5.714353910274803,0.0035650314963451167,2.858802077185469
112,5.713631673937284,2.8580667535275066,0.0033003354873192016
113,-5.717493490155632,-2.8642390740774224,-2.8599010118140424
114,-5.719599465383354,-2.864992962327866,2.8740842767350046
115,-5.711018213814946,2.8642160443811435,-2.850594297527282
116,-5.72600022259004,2.8792050573076367,2.8807668926546204
117,-2.850454122328111,-5.706349522233674,-2.852621703015046
118,-2.851798222566745,-5.71135717486095,2.8635747962891585
119,-2.849619902397268,-2.857548439373755,-5.716283698453672
120,-2.8510532870926815,-2.8536417233232383,5.716901188217543
121,-2.8503459755266314,2.8714222136067966,-5.7227012663977135
122,-2.8511207983500997,2.861879416008967,5.718237783072085
123,-2.8515316247361664,5.7127204558077365,-2.853651446020141
124,-2.8514246833472967,5.717419654998675,2.8625832823455606
125,2.8650069993238088,-5.712969303205883,-2.853730809379314
126,2.8659322292661287,-5.713767754793004,2.864771369653429
127,2.8643124111088283,-2.854374969531369,-5.711619174342588
128,2.8616229742088644,-2.8527974147197015,5.716461528965228
129,2.863536633953661,2.862119251462422,-5.710916857642357
130,2.8614929720169915,2.859618258268974,5.716300780651487
131,2.861399185687957,5.71610084531981,-2.8517607433984815
132,2.861862993341005,5.716563406664817,2.8600204820848023
133,5.7145932225697615,-2.8524496833481106,-2.852246665285605
134,5.715026206763323,-2.8519156590243764,2.859441928938808
135,5.713914876432308,2.8584334382526553,-2.8516178839018775
136,5.714132857480561,2.858654431056984,2.858625915883728
137,-4.275850567936261,-4.279229758095994,-4.280464216857924
138,-4.274825222423281,-4.27903130769487,4.286912709116656
139,-4.277341430237401,4.285280579605299,-4.280032910111591
140,-4.27588365318202,4.2890449906978505,4.289697592044374
141,4.285034306182681,-4.277168040093016,-4.276667122458281
142,4.284395108699341,-4.275648245557023,4.28372626589305
143,4.283051045786543,4.28233387809754,-4.274534538647124
144,4.28313883073794,4.282300331386158,4.28235372567971
145,-7.131626895629907,-1.4228395734356445,-1.4234736806189823
146,-7.1391149614413925,-1.4263839566450451,1.4377788048169728
147,-7.131454379411518,1.4287694170745018,-1.4237023521326924
148,-7.139391503107929,1.4364499404201554,1.4388403503647924
149,-1.4233791100118374,-7.1352944948322925,-1.424410260692164
150,-1.4237008105196534,-7.137144706238848,1.432999616670797
151,-1.4206087827481184,-1.427091687002644,-7.139858636520116
152,-1.4237394979277394,-1.4250361132250924,7.14354777849848
153,-1.419429518749341,1.4360691101047547,-7.141856397427484
154,-1.4235130468783916,1.4322241142648187,7.143898552910423
155,-1.4250101145114695,7.1415734223445675,-1.424712579059155
156,-1.4239528171987452,7.143042434035186,1.4322858905159828
157,1.434202420588634,-7.138277574252442,-1.4245922803651372
158,1.434585447432953,-7.138946993766542,1.4337569143748852
159,1.4371809368924537,-1.4264037042463356,-7.1411423322219765
160,1.433135634715765,-1.425081453023935,7.144087200952487
161,1.4374805908621306,1.4331029534277608,-7.141637446730888
162,1.4332738691517992,1.4317701929717634,7.144249500807684
163,1.4322555833783526,7.143248108300316,-1.4246509824085256
164,1.432668946890376,7.143626439934673,1.4315306754121493
165,7.142289414810196,-1.4248355819424183,-1.4247378026125042
166,7.142565218016081,-1.42463136152756,1.4314103658637236
167,7.142221161536246,1.4311539892747638,-1.424709112438227
168,7.142343708791933,1.4312926751705588,1.431219973027044
169,-5.706149593634054,-5.70736392125764,0.004081530456212894
170,-5.714731963516774,0.0029114460403883626,-5.718947361099722
171,-5.707947663929331,0.003447258765231753,5.716822175426241
172,-5.705729954198231,5.713650323742335,0.0030856959345064204
173,0.006327709621615224,-5.711156998161628,-5.710690617325559
174,0.005287335536753526,-5.708978645930507,5.7160266820769055
175,0.006596216348564255,5.716626860984585,-5.709067573382755
176,0.006047846659752709,5.716557753076878,5.716524451069509
177,5.715005768666141,-5.7075369931276425,0.0038359992052792087
178,5.714253338689656,0.0036158599070260245,-5.706874451763968
179,5.71434739663671,0.0036652373295978247,5.71379626175491
180,5.7137789462259105,5.713260647828207,0.003390465204328627
181,-7.137968132168154,-4.283639077897776,-1.4241214792629124
182,-7.140727820853619,-4.286435688524234,1.4358025196514017
183,-7.136672542944338,-1.4250815147074172,-4.283089701975283
184,-7.140201384157297,-1.426672477161946,4.293368366686326
185,-7.137100434652317,1.4346848808535442,-4.284146827623348
186,-7.140885841081527,1.4332848797914273,4.29417162105888
187,-7.1371270486262155,4.28949749683693,-1.424439428642587
188,-7.1389149794943485,4.291446344510817,1.4320790952222096
189,-4.278583523323745,-7.1341514353256335,-1.4242023264248067
190,-4.279431948421868,-7.135670085828588,1.43197089270243
191,-4.281355734379927,-1.4268915756423795,-7.139309150988014
192,-4.279694541355296,-1.4248652147552527,7.14297519303271
193,-4.282876601729932,1.4358611411274032,-7.141042197345945
194,-4.279913741799258,1.4320859789147544,7.143259805779755
195,-4.2786048995329145,7.140995317401335,-1.424422999840444
196,-4.279782232465879,7.142258518548455,1.431948131627011
197,-1.423673892534891,-7.136062681561394,-4.280731946138373
198,-1.4236697650502184,-7.13761637233076,4.289156211629444
199,-1.422264522866053,-4.283841729967343,-7.139429926509849
200,-1.4233939322516886,-4.281009771165232,7.14334842552973
201,-1.4212513901610693,4.293105315058189,-7.141649448133824
202,-1.4229937307059277,4.288449538855438,7.143980602671984
203,-1.423676789771648,7.142125246275381,-4.280381727073906
204,-1.4231465547824798,7.143905248421056,4.28837117633599
205,1.4338309112260421,-7.137928732830409,-4.281573726743508
206,1.4334413926300178,-7.138090789625507,4.289497352165529
207,1.4372936898703585,-4.285269440150919,-7.140673185051031
208,1.4330530838826163,-4.281063908089309,7.143468173352059
209,1.4387727222029218,4.2937390539880695,-7.141908472198608
210,1.433565177784766,4.288239381202598,7.143858613382733
211,1.432477620716475,7.142958006097871,-4.279787687028021
212,1.4333842880868153,7.143875873705943,4.2880338380325105
213,4.28978167047552,-7.137729462104856,-1.424395840669342
214,4.289930602686309,-7.137833701293038,1.432391863726925
215,4.289473779208681,-1.4246014416485802,-7.137058528034415
216,4.288228612731851,-1.4244506663884682,7.142953310311105
217,4.289294857967054,1.4319296568882844,-7.136879246849343
218,4.288170426217215,1.4313777421836882,7.142876256778181
219,4.28799910953976,7.142808620155619,-1.424298677843108
220,4.28800304684309,7.142795810573314,1.4311170722856041
221,7.142331476189202,-4.279983026245488,-1.4243780515837978
222,7.142442730286657,-4.2799546893896245,1.4314432405023332
223,7.142079288325129,-1.4243483063919935,-4.279861782171651
224,7.142385384548437,-1.4241565788582706,4.286724869069115
225,7.141911252837586,1.4311739702067832,-4.279704563373586
226,7.1421715960030205,1.4313233321612726,4.2865063180320275
227,7.1418721431681025,4.286338983753654,-1.42433589277113
228,7.141856689028567,4.286362020203145,1.4309271933859542
229,-5.705829050686289,-5.707085865754162,-2.85191606689405
230,-5.708196675334308,-5.71030528166324,2.8625578097583944
231,-5.716559360607688,-2.862801053494128,-5.718275212152546
232,-5.708078265234115,-2.854619061014414,5.716982875483411
233,-5.722485808806535,2.8761166511242955,-5.724304516602923
234,-5.709157609395779,2.8625535599828855,5.71828114179186
235,-5.705582769103403,5.713481068310255,-2.851442747046068
236,-5.708974578453493,5.717293279660163,2.862203260734991
237,-2.851707222584696,-5.709515387820445,-5.709648177296794
238,-2.851464141841705,-5.708897234896442,5.716024054292646
239,-2.851484227915768,5.7159367955702,-5.709084245341166
240,-2.8511160834271374,5.716857843892099,5.716884327771616
241,2.865156406053519,-5.71230703100061,-5.711225331192499
242,2.862083712970874,-5.708980260173562,5.716119256746934
243,2.862514831896905,5.716435048401883,-5.7077376995584626
244,2.8622300309618494,5.715958648292558,5.715789654853078
245,5.715213915760606,-5.70768584283239,-2.8523749199015676
246,5.7154277450923185,-5.707694759522963,2.860126986662731
247,5.714856294508498,-2.8523408098155705,-5.707251692263731
248,5.714721158786344,-2.852029027610606,5.714122997137887
249,5.714375988701506,2.859380855904477,-5.7067584581269415
250,5.714323689614391,2.8591548290794044,5.713678695774979
251,5.714085380924031,5.71353772098917,-2.8518183620857833
252,5.714039489324079,5.713514059679931,2.858743165090009
253,-8.56095867712997,0.0038102779802201186,0.005308138252834279
254,0.004238044041839228,-8.563668465088659,0.0037263796545332047
255,0.00594005117351608,0.0033701048041556666,-8.565874443778634
256,0.004128497002704968,0.0033740134931979832,8.570562692258369
257,0.0034477678961138663,8.569906447273045,0.0031750396376906496
258,8.569862597780332,0.0033061573975587946,0.0032012796858395145
259,-8.562905396733731,-2.852604441900831,0.0038750970696451504
260,-8.56034669579548,0.0036784445192593104,-2.852753539919394
261,-8.565141651946476,0.0037417055532930916,2.8622278737844993
262,-8.56271042803152,2.859091510669252,0.0029674912491323537
263,-2.8517520799097222,-8.562706428620078,0.003410021996402116
264,-2.851450586218747,0.003937682277542429,-8.564230082901613
265,-2.8519536933940244,0.0034931752737102756,8.570023886851729
266,-2.852050583658865,8.569420635153195,0.003484293155061653
267,0.004050582905053529,-8.56344073869886,-2.8525464723444736
268,0.004147270734566651,-8.564336570486129,2.860121151368399
269,0.005994090481780134,-2.8543825715581246,-8.565689184383093
270,0.004152608748895612,-2.852733600377761,8.570381322205252
271,0.006975739588957029,2.8620880717812747,-8.566822413079588
272,0.0044104000364204995,2.8596639925012792,8.570620104856474
273,0.0034445953804911316,8.56971709343148,-2.852247870519907
274,0.004168313496785648,8.570455275842422,2.859351109518885
275,2.860795185663501,-8.564631418755987,0.0037161807959930648
276,2.862264804721573,0.0033488191698175787,-8.565776917767995
277,2.8602026596326264,0.003354901261757585,8.570593253749948
278,2.8597802123871965,8.570378910586799,0.003222407017028641
279,8.569861599472425,-2.8522877198521854,0.003302520408385232
280,8.569728448550473,0.0033351990117725288,-2.8523559083990704
281,8.569895164137018,0.0034713947755794896,2.858892800179179
282,8.569726541916875,2.85891332437855,0.0032044855231035865
283,-7.139254873612366,-4.284805118169625,-4.282650422131574
284,-7.139672283487532,-4.285103518613586,4.292231634368141
285,-7.137702542221658,4.289901078634625,-4.279435451174359
286,-7.141910773754363,4.2943992831173805,4.294381459381046
287,-4.27940459737515,-7.135445868884896,-4.2801672898887855
288,-4.279936988814622,-7.137171630554912,4.288545020517201
289,-4.279670546860746,-4.282979996148606,-7.138704028858412
290,-4.279529369300391,-4.2809610552137665,7.143382336017829
291,-4.280527092645529,4.292380682164869,-7.140949567448275
292,-4.279624183505387,4.288421719091872,7.14403183496779
293,-4.279749040759372,7.142147525135254,-4.280342888255004
294,-4.279816081592907,7.143908438492019,4.288223631578089
295,4.289578201241356,-7.1375957161037755,-4.280793954158071
296,4.289688669513368,-7.137584687948372,4.288885607727283
297,4.289606456052763,-4.281136728511975,-7.137097904820095
298,4.288216280584582,-4.280251902347817,7.142945997362483
299,4.289220465261769,4.288297007693312,-7.136496459128228
300,4.288142152028842,4.2871164710245555,7.142720674169968
301,4.288138497925682,7.1429746576088355,-4.279698350110877
302,4.288242866092726,7.142979165453904,4.286972327287488
303,7.142667971891932,-4.280098914007534,-4.280142023863541
304,7.142735634673733,-4.279842345106992,4.286981535240645
305,7.1422065015327565,4.286672882759327,-4.279693865564089
306,7.142221492516773,4.286697406122851,4.286454330125943
307,-8.562654728537934,-2.852240498172865,-2.852094607555174
308,-8.565454820523197,-2.854021704306763,2.8615866144337065
309,-8.562550255133909,2.858722022602713,-2.8514957061297186
310,-8.565847017400193,2.8620111099395724,2.861943630235342
311,-2.8519103561437653,-8.562770936899014,-2.8523741371008526
312,-2.852141905081658,-8.563927968367127,2.859710757324473
313,-2.851409148135957,-2.8534750890088976,-8.5650171275543
314,-2.8519399602015,-2.8526972339869023,8.57038092278193
315,-2.8513281876866983,2.86131597616827,-8.56605271625237
316,-2.8518544604191427,2.8596837476500765,8.570582957696546
317,-2.8521420742802888,8.569531873744953,-2.8526675787087834
318,-2.8520207856709603,8.570396756427682,2.8594469771442355
319,2.860584513546258,-8.56454586697207,-2.852640531919128
320,2.860799527566179,-8.564810315118516,2.8601995228369197
321,2.8620047650179874,-2.853365885294642,-8.565538435847916
322,2.8601502189454036,-2.8525866194626763,8.570555506514186
323,2.862224294735327,2.860258109194043,-8.565655161261514
324,2.8602432377106943,2.8593538238263907,8.570594523506148
325,2.859805164140326,8.570438521035715,-2.852274617753372
326,2.8600292193013273,8.570558528711258,2.8590133055942326
327,8.570012082428391,-2.8523815334571814,-2.8524979112386637
328,8.570137358377055,-2.852257891756334,2.859092216968992
329,8.569877841579292,2.8590567936099083,-2.852393429220568
330,8.569913335224292,2.859120433093574,2.8588796023144845
331,-5.70709264099271,-5.708709329533839,-5.708321649523129
332,-5.706424255920545,-5.708232348818263,5.715148355180876
333,-5.707828610992769,5.715636961267891,-5.70801411927051
334,-5.706881227738351,5.716224383949716,5.716108827887325
335,5.714887952461202,-5.707277754648952,-5.707130463700542
336,5.7144504434213035,-5.70662926826435,5.713851381698859
337,5.714007293397399,5.713510490580613,-5.706135030294975
338,5.713932096053589,5.713368018478947,5.7131660864914355
339,-9.989217503323186,-1.4237875646699594,-1.4243308982974474
340,-9.990498574073936,-1.4244400522175473,1.431444672724104
341,-9.989545699772474,1.4304491652188633,-1.424384219475411
342,-9.99047436175506,1.4315649575268168,1.431502731729929
343,-1.4242763154593465,-9.990433476088189,-1.4245726931893397
344,-1.4243083466178579,-9.990729921872566,1.43116315082877
345,-1.4238342150976788,-1.4247042883414012,-9.99117376033529
346,-1.4242516545788804,-1.4245379995825045,9.997333841787741
347,-1.4236338689389867,1.4316696553494475,-9.991402766484068
348,-1.4241985327599105,1.431303107665474,9.997374821527327
349,-1.4245338956822717,9.997136970454692,-1.424635566064607
350,-1.4243297929777807,9.997325966787079,1.431067539054343
351,1.4315583884120917,-9.990930721304482,-1.4245880721034225
352,1.4316622972968098,-9.991076993098213,1.4313514641959628
353,1.4324603558652267,-1.4248798654482828,-9.991859656560225
354,1.4316168206762836,-1.4245837417787848,9.997503482997734
355,1.4326342941426233,1.4315046982199262,-9.991991951462706
356,1.4316687611551207,1.4312679238980246,9.99753909129138
357,1.4312720831012862,9.997396192857249,-1.4246257112898009
358,1.4314085656926894,9.997460417014041,1.430956666382685
359,9.997312882529032,-1.424491668094117,-1.4246452637172315
360,9.99735624767519,-1.4244503071722874,1.4310294090769888
361,9.997297357233098,1.4311667800150982,-1.4246457087825406
362,9.997315415727797,1.4311997444854612,1.4309937923494556
363,-7.13481911274855,-7.135615379211797,-1.4245274873614133
364,-7.135231908414384,-7.136153671688291,1.4312583524117561
365,-7.138295765615606,-1.4259399013375427,-7.139039262031614
366,-7.135602274603436,-1.4249114051699243,7.143403628129659
367,-7.138871233634411,1.4322807959519603,-7.139583026284094
368,-7.135754423726988,1.4314864468650281,7.143616565283123
369,-7.134768965776838,7.142270921649121,-1.4246397720737425
370,-7.135107018759329,7.1427166453131425,1.4306552727012647
371,-1.4241052107602221,-7.136764161522078,-7.136538060322654
372,-1.4239837729372744,-7.136126388124838,7.142932964853382
373,-1.4236891851192734,7.143357237805792,-7.136051971670322
374,-1.423639853406449,7.1432802932875195,7.14308756698357
375,1.4327195993201827,-7.13732847078824,-7.1369202392110225
376,1.432168183919654,-7.1361471813022685,7.142980168301862
377,1.432889291176989,7.1436705015780335,-7.136037742375125
378,1.4325474758849028,7.1431698692202135,7.142948951687802
379,7.142803512041829,-7.1355070689973354,-1.4245186349401227
380,7.14285025813546,-7.135501035518848,1.431346447740315
381,7.142600444201962,-1.4243579842769305,-7.135357485316696
382,7.142500807923328,-1.4243282414105227,7.141987167632822
383,7.142510429670712,1.4314005914189296,-7.1352575325000425
384,7.142426646803352,1.431367767442785,7.141905961596198
385,7.142241344151658,7.1418988885612995,-1.4244950504748708
386,7.142221167802377,7.14187629785237,1.4310199071505565
387,-8.564240417892984,-5.709514604391754,0.003304352950756957
388,-8.564021623607493,0.0035693659728008686,-5.709050935038412
389,-8.564962178402029,0.0031765923243715554,5.717141285151789
390,-8.564018412175743,5.715992374631405,0.0028346793840936914
391,-5.707295775004819,-8.562962996750509,0.003124994252051424
392,-5.7083774956668965,0.003281581735145438,-8.565065263777553
393,-5.707619576217908,0.003348422496460175,8.57028846814877
394,-5.707264601871122,8.569689806699307,0.003002567546914482
395,0.0037449682918822835,-8.563875229681402,-5.708365902196352
396,0.003885778119504668,-8.56414011057673,5.715534265728235
397,0.004534454140051128,-5.709671991289309,-8.564934755035772
398,0.003955686902760412,-5.708305899343126,8.570351799685211
399,0.005204709689707472,5.7172820385294,-8.565461611734662
400,0.0042455025830798535,5.715306967193099,8.57053108992407
401,0.0038946510002797127,8.570241214108348,-5.707908206560705
402,0.0041874916421960565,8.570688406415936,5.715054719135004
403,5.7159466420483955,-8.564014741849745,0.003439722215830503
404,5.715877756071163,0.003520432502461127,-8.563768932438292
405,5.715300152152947,0.003439803336780496,8.570030249522132
406,5.715185541521147,8.570097694696974,0.0032512755448143057
407,8.57011130818942,-5.707779809240218,0.003309576236190726
408,8.569929018997907,0.003454490268029832,-5.707813068879121
409,8.570015025097835,0.00352069908313791,5.714399332821621
410,8.569806071169005,5.714409877746565,0.0032187092930373246
411,-8.564138760462424,-5.709228551910774,-2.8524168641031595
412,-8.565061535275454,-5.710516959149187,2.8604226834336317
413,-8.56441644697576,-2.8531247146068934,-5.708905828274052
414,-8.564839470507108,-2.853499931315046,5.716943515031734
415,-8.564874385713313,2.8608560530141194,-5.709259936007473
416,-8.565157547816906,2.8601366376937154,5.717401603502783
417,-8.564044849197014,5.715701211602532,-2.8523032580073053
418,-8.56460899503075,5.716810039473903,2.859167889498917
419,-5.707266326279688,-8.562991365144391,-2.8522470071499604
420,-5.707773771424545,-8.56365059150366,2.8590768444473076
421,-5.708614153505835,-2.853669235213185,-8.565078241653305
422,-5.707718318325841,-2.852603928867569,8.57036048942597
423,-5.709560196803436,2.861095434289182,-8.565914646001016
424,-5.7078521710468735,2.8594023336145034,8.570555967593268
425,-5.707328134699006,8.569712385269556,-2.852282940713732
426,-5.707849195940646,8.570370098023998,2.8589681938209743
427,-2.8522926602179814,-8.56356345391191,-5.708104403173358
428,-2.8522867406948036,-8.56407930523381,5.715370890742093
429,-2.8520826529427814,-5.709288539743364,-8.56475264028811
430,-2.852074226247801,-5.708309309955021,8.570399087811507
431,-2.8519240824045102,5.716999119468026,-8.565400706603963
432,-2.8519593175918914,5.7153301683733115,8.570633649911388
433,-2.8521279502984473,8.570147345108422,-5.70796561973599
434,-2.8520168121669385,8.570745870112185,5.715080586364659
435,2.8601988786341006,-8.56437268892893,-5.7087330293743745
436,2.8600633434593834,-8.564196590152452,5.715652438520348
437,2.861450587204495,-5.710019150052497,-8.565145166841505
438,2.8598731803342816,-5.7083500830225145,8.570381696472356
439,2.8619786096415214,5.717299604921355,-8.565239646191714
440,2.860123509574936,5.715250715585053,8.570425079433631
441,2.859727347730728,8.570445454972827,-5.707859959609071
442,2.860053689318279,8.570602490294062,5.714973328999654
443,5.715882488488179,-8.564074358172107,-2.8526220398802304
444,5.715988695639482,-8.564044396528205,2.8594928387498104
445,5.715896858106284,-2.8525342454610594,-8.56392229295528
446,5.715296154332438,-2.852409404133777,8.570126902407385
447,5.715814233092205,2.859503572331904,-8.563747202852168
448,5.715272267439573,2.8592305861122824,8.570048013046986
449,5.715192579618482,8.570227520643524,-2.8524101728797304
450,5.715192154647597,8.570170643221859,2.858921932565156
451,8.570185626067133,-5.707852097637752,-2.8524593652332775
452,8.57023259596556,-5.707843862972797,2.8590513392475967
453,8.570100312758766,-2.852273681852127,-5.707937673044699
454,8.57017120486868,-2.852233515534097,5.714499166684282
455,8.569960515500615,2.8591032762560307,-5.707825505883494
456,8.570009855072206,2.859151787986975,5.714368706846473
457,8.569926903326197,5.714480319049432,-2.852387136465421
458,8.569906447559465,5.714477518309555,2.8588173525005853
459,-9.990750341037277,-4.28002322435242,-1.4245881293071034
460,-9.991114685880467,-4.280558913410586,1.4311054454108374
461,-9.99035949905621,-1.4242615165712669,-4.27990275177451
462,-9.991719253444328,-1.4247505430001877,4.287757091874327
463,-9.990367028880591,1.4312300468072128,-4.279979969251463
464,-9.991765397026201,1.4315466611938619,4.287829258637228
465,-9.990823538837537,4.286707751511391,-1.4246800536764324
466,-9.991002830078692,4.287193018399957,1.4306307237179183
467,-4.279757432852644,-9.990492801519325,-1.4246030074840739
468,-4.279895241829992,-9.990685891444626,1.4309332155281171
469,-4.279820201056186,-1.4246051053024555,-9.991219764725669
470,-4.279901237734373,-1.4245095126767338,9.997421246424208
471,-4.2800059153439225,1.4315045397296218,-9.991391858600455
472,-4.279914030660656,1.431242493389947,9.997458005066612
473,-4.279793934582976,9.997225007534317,-1.4246474449058246
474,-4.279932648114956,9.997387815463489,1.4309718391882211
475,-1.424410180246318,-9.990752367309245,-4.280177112358891
476,-1.4243758350542162,-9.991199012380275,4.287038339532869
477,-1.4240293938466995,-4.280796548687063,-9.991696978054028
478,-1.4242475944787323,-4.280270952289472,9.997537599489856
479,-1.4237835394176792,4.287983441301216,-9.992127581410365
480,-1.4241518109309717,4.2870777555324935,9.99763864358122
481,-1.4243651845762473,9.997392773451985,-4.280175578866652
482,-1.4242099169920854,9.997715850195467,4.286794287223123
483,1.4314352784590172,-9.99106097342656,-4.280358449787301
484,1.431563342275468,-9.991333253019613,4.2871814027941575
485,1.432310145796832,-4.281082769254943,-9.99195437762473
486,1.4315533193579573,-4.280290657517086,9.997575896458613
487,1.432790124654803,4.288167304030767,-9.992335195887026
488,1.431696826667398,4.287071153459897,9.997666022669124
489,1.4313049629780596,9.997506993586798,-4.280085528976766
490,1.4316149229381172,9.99775502842406,4.286763490787334
491,4.28752623026711,-9.99136110534917,-1.4246201002213734
492,4.287587014940206,-9.991395860086493,1.4312671366009222
493,4.288147925927271,-1.424631673797324,-9.991845507306184
494,4.287321232057655,-1.4245196436433263,9.997614855346677
495,4.288184902152019,1.4313694507472499,-9.991843252197564
496,4.287335472116803,1.4312318843747922,9.997618345492066
497,4.287159190821075,9.997680988625238,-1.4246147186326132
498,4.2871837722460455,9.997677984582637,1.4309860799530139
499,9.997484362261378,-4.280048624015844,-1.4246184932185741
500,9.997505381266073,-4.280038944653189,1.4310424471708114
501,9.997436870429379,-1.4244387909773577,-4.280206266208489
502,9.997507834843079,-1.4243930891276015,4.286637015677439
503,9.997402876970662,1.4311834220125286,-4.28017730353474
504,9.997462776852515,1.4312395145311174,4.286588683673824
505,9.997395521172077,4.286742345048939,-1.4246161334324174
506,9.99739526343987,4.286749097395457,1.4309658956748388
507,-7.13515257309905,-7.135912504936638,-4.2800964522663065
508,-7.135900262915867,-7.136994781068117,4.287921940738465
509,-7.138676655488444,-4.283842297917052,-7.139144522276197
510,-7.1358026998542945,-4.281168340627015,7.143471979249917
511,-7.1407688916819625,4.2926326138090385,-7.140829272712862
512,-7.136207221610878,4.288210797295812,7.144087434627918
513,-7.135240915474595,7.142407755581885,-4.279827582755027
514,-7.136174635711289,7.143971547208894,4.287714690124577
515,-4.280288109872861,-7.1364824178121955,-7.1363251363812505
516,-4.280140725148718,-7.13619267639414,7.1429106076315305
517,-4.2802198535796,7.143278059969389,-7.136102880571496
518,-4.280042617365122,7.143371010608035,7.143195362870346
519,4.289159922636862,-7.13729638891422,-7.13697898071136
520,4.288110301711682,-7.136120206063522,7.142962924671146
521,4.2883465642926515,7.14322419423478,-7.135701570751259
522,4.288173686322946,7.142899340897243,7.142684468866402
523,7.142878421448745,-7.135720173297362,-4.280470587910269
524,7.142963842091952,-7.135669430730135,4.287252420371532
525,7.142773780547515,-4.280313505703744,-7.135685120869353
526,7.142634508405577,-4.280213012285888,7.142197880672815
527,7.142551075547731,4.28717093859244,-7.135411325733023
528,7.142450246221971,4.2870578859820485,7.141984085543093
529,7.142386709089616,7.142141572849067,-4.28021593242307
530,7.142370125388931,7.14208999461125,4.286731120251945
