,x,y,z
0,-0.008709663341251473,-0.09482879071526894,0.0665228483056835
1,-1.7769825859805628,-1.0953189152796006,-1.2742727550611355
2,-1.434180073401893,-1.31932123325878,1.5867096557271878
3,-1.3584097165812736,1.6607691166892986,-1.1815416506144767
4,-1.0202407447527966,1.4750197124378923,1.6953406758443696
5,1.1236556090301788,-1.5086302409761203,-1.6409528046099007
6,1.4390659437727746,-1.6925805469404527,1.2214014389795582
7,1.459011107267251,1.2989820066223616,-1.5551191036436904
8,1.785950819362191,1.1140364617538578,1.2886965440674079
9,-2.838750906203832,0.4040869032392378,0.432177550221251
10,-0.34281822946486684,-2.8103585387049423,-0.08168218891341845
11,-0.25846759815277254,0.14715013044123382,-2.8685238673302362
12,0.3439377645960462,-0.19415442848204476,2.899392423857514
13,0.3822046488465353,2.787870266605804,0.07146448803730233
14,2.887262485836353,-0.35316544071263956,-0.34434804656475854
15,-3.1387356387925633,-2.4937527906403036,0.21799351199768843
16,-3.1229089240627417,0.5904466305717448,-2.454510496004313
17,-2.5418431317425645,0.16048385874685572,3.2130904772954123
18,-2.437110992959772,3.1550934361725447,0.5052596774423032
19,-0.6288378432347741,-2.605217366663789,-2.919269947091888
20,-0.018017942988625264,-2.935969536417734,2.806202821120821
21,0.03138370513712906,2.897363504196742,-2.8224002101257533
22,0.7128823358263823,2.609496708521909,2.9281285987785437
23,2.578768545857611,-3.149408767304595,-0.4027196152090189
24,2.6454310367367913,-0.16046304212741272,-3.122435550918469
25,3.1302960891015568,-0.46615984287396356,2.5709967017870237
26,3.0778465679877427,2.596137801302971,-0.21475176489215972
27,-4.548946607833793,-0.760651439407198,-0.956673303901575
28,-4.2164460676727575,-1.0631627009599562,1.8563564195950186
29,-4.130055398960643,2.085894277475784,-0.8055690125476953
30,-3.8439668281641803,1.8561936024634618,2.1158959355834046
31,-2.025557522856791,-3.94654514111773,-1.4232742489874064
32,-1.6538845068123067,-4.165689597663112,1.4423771184838805
33,-2.0147942571432043,-0.985933762022427,-4.070351730063468
34,-1.2256013823144238,-1.4662036656419415,4.385127431012437
35,-1.608531714318189,1.6528065661911313,-4.167386581569183
36,-0.8279832325849443,1.3308632083580858,4.447255074930165
37,-1.1854974747122324,4.342197084365744,-1.2378390780614328
38,-0.7097183768815059,4.198082659882124,1.6843621310341872
39,0.8345560279713867,-4.21037297766516,-1.685710517101473
40,1.1665965913923948,-4.37810192259632,1.20869960589245
41,0.9729695902156277,-1.371710094287236,-4.402255911145523
42,1.6606058897351648,-1.73560292748441,4.154315838253906
43,1.2839028416398781,1.4338807187281597,-4.361669618771278
44,2.0271254158320615,1.042620473875555,4.171458984446989
45,1.5956442949165244,4.210307040489108,-1.466546865677803
46,1.9630942085294556,4.051976114233288,1.387153059795791
47,4.038515573407242,-1.7816115995720472,-1.8911757224094479
48,4.229536381374598,-1.9244777270331603,0.9839161989045943
49,4.242843198103212,1.1538075336863582,-1.762203000047678
50,4.451426515568583,0.9900484361050723,1.0622895995528128
51,-3.5029296334034004,-2.2811664256303326,-2.63603140593401
52,-2.8463266419112294,-2.7339621948609354,3.022421970290164
53,-2.7948181184996526,3.1335402415968967,-2.6006098001637885
54,-2.1453771763539926,2.985654833918459,3.3122271292834773
55,2.3722371930219577,-2.9690401161417177,-3.1914424561121857
56,2.82680718310372,-3.205051474131036,2.576660913496061
57,2.8420102297039,2.7637360345007402,-2.989768022089684
58,3.3582831164459557,2.4724227185911882,2.653539099664945
59,-5.521731282453609,0.6770928412908637,0.7042660380379665
60,-0.4234443147268139,-5.606797651329806,-0.13875756783190343
61,-0.3278331278382259,0.1466730505744766,-5.692977723987804
62,0.423416397315185,-0.22050551855620182,5.698677091959078
63,0.3476838046559203,5.653306010170747,0.0904261710486442
64,5.6146212291857,-0.43902499831047137,-0.46244632322853635
65,-4.581095158653973,-3.9704300077891017,-1.208295799316614
66,-4.376463415920791,-4.096168124363557,1.603801982389286
67,-5.04765056813233,-0.469398753828821,-3.4522235640983814
68,-4.141420469417948,-1.2848371432813022,4.497507555041587
69,-4.426234713398093,1.8775726774979593,-3.9997177024216604
70,-3.83236290376213,1.6662422873312586,4.690926096651245
71,-4.161821855376929,4.545992143099591,-1.2029586607449616
72,-3.5097690479923287,4.8234095650598485,2.400378353719245
73,-2.176761589036368,-3.9023188713737427,-4.24413756730621
74,-1.4357221220222776,-4.2916020070954755,4.3026962195923355
75,-1.4046094964181002,4.356678275235883,-4.223019900730849
76,-0.49640540773184505,4.106294547458132,4.521604053745449
77,0.7070005437948064,-4.122278158564016,-4.449352987506082
78,1.4025995418421315,-4.413365008491398,4.185178781358808
79,1.4241046691042818,4.291479766800958,-4.307944186218943
80,2.1604973245389876,3.9921103728201537,4.248619323371601
81,3.8909560325769497,-4.570745684600545,-1.9249005633896878
82,4.0801319098704765,-4.59101271800299,1.051573471886493
83,4.00404943656401,-1.5905015741722144,-4.564244635362206
84,4.42727986506988,-1.8971821051826832,3.996377498928072
85,4.179408653423772,1.332141379051677,-4.441360328407921
86,4.641477364802373,0.9796754851016856,4.021730990683165
87,4.3546887079862975,4.158501846746624,-1.5828621466583745
88,4.5514557986495205,4.034204808969956,1.2174050171294213
89,-5.7434248181532785,-2.473063444025149,0.34001518742319015
90,-6.193639216511133,1.0632681039510898,-1.8599130683412903
91,-5.466122428470409,0.37663470163806256,3.3236539275301986
92,-4.824600769085312,3.7214019524779234,1.0218859956264887
93,-3.1261366141091793,-5.540785771205974,0.06550544506659862
94,-3.247902202642492,0.3404768165668249,-5.523097339838563
95,-2.5633878422241163,0.0217423099100836,5.867768984228306
96,-2.5784136601547076,5.659824654148418,0.3033204496086649
97,-0.7210117911940449,-5.471754080687569,-2.967853408944238
98,-0.13277033961087706,-5.720118743731807,2.7797105009403453
99,-0.6519998699208351,-2.594537760424315,-5.682558198808098
100,0.10777266878827733,-2.9600878389756082,5.703536342616979
101,-0.07558960030636579,2.9123037478323632,-5.713245066018733
102,0.7800000928341411,2.571189599782213,5.733956628651486
103,0.07812500731095112,5.720618247349878,-2.8147050547666796
104,0.7581220927771091,5.539375113723269,2.964210752228552
105,2.4724028831831055,-5.782554353128687,-0.31029870425075035
106,2.6452370959789904,-0.024561229743382627,-5.818019678859192
107,3.2387139081421683,-0.40441809513538973,5.55565135254383
108,3.0671248723639164,5.603269163574286,-0.08088498828225459
109,5.477736002953938,-3.2867646494425977,-0.5060734373763769
110,5.559438751780124,-0.24617423023400212,-3.182610878504047
111,5.780311027184471,-0.49144014678747383,2.463236816634446
112,5.756604814954854,2.5652876841885153,-0.3000385894470334
113,-5.975968032035855,-2.600315189470883,-2.6232223995443316
114,-5.678509802293435,-2.655690436807379,3.058090725570275
115,-5.687484697990526,3.307714781307133,-2.6210253860092565
116,-5.145364559041885,3.371956541696739,3.5320354952800357
117,-3.3233817843267257,-5.485397153562789,-2.7654778023998214
118,-2.9233840685995123,-5.665805907518269,2.891364881154182
119,-3.552640249090991,-2.2490612837225985,-5.403320146430401
120,-2.7858931995725973,-2.8463741432942706,5.772280175774549
121,-2.9312203146774585,3.010602697525969,-5.644126828656416
122,-2.1368786011477785,2.8491969974931552,5.9355706696801125
123,-2.737178368240329,5.7843081459692876,-2.732765848425771
124,-1.711167174281189,5.695498135335201,3.2347776180031897
125,2.146420605994799,-5.639078567789436,-3.1567196638198167
126,2.7221742193377154,-5.824257586976566,2.6769275114804736
127,2.3930965053962105,-2.856266153460753,-5.850271700564692
128,2.964776645574655,-3.099447545465394,5.6084902606382325
129,2.8000444391593127,2.8519203917191374,-5.758896376922762
130,3.4191567402839484,2.505647814278385,5.589477355421902
131,2.895362414993036,5.692162010763723,-2.895233004769906
132,3.303427822234766,5.524571681601602,2.771591426061178
133,5.422249747536198,-3.151672492837748,-3.279967816768418
134,5.656302157056813,-3.2803464078948994,2.479453852649156
135,5.68828785563062,2.7300515394788945,-3.0186597028308424
136,5.914610261234639,2.510583168130828,2.5808167332236294
137,-4.682514389420352,-4.058452778776084,-4.1354826735944075
138,-4.2836881979329835,-4.2302027861323985,4.351117094832829
139,-4.239752241653083,4.453950737140762,-4.183182696982765
140,-3.555601573884801,4.430559566581044,4.804254113559254
141,3.8189212118278535,-4.4108635288969085,-4.600101585609066
142,4.267276497708802,-4.512079811205745,4.1039205283393185
143,4.27553378301161,4.258277266531506,-4.3371303133391566
144,4.687924175240711,4.003696998865974,4.118023360258104
145,-7.0772370855764555,-1.0851557246365504,-1.1450510696308243
146,-7.003191651510762,-1.0283191121948714,1.7495075477671747
147,-6.407847377671496,2.779916189884539,-0.2733382520805469
148,-6.674301696842303,2.1368025183452164,2.147830405066833
149,-1.8208699443710552,-7.00594265159769,-1.4618001726705514
150,-1.580858826451989,-7.099262656898237,1.3959908351366013
151,-1.864031627361648,-1.1797712795774802,-7.051110408143701
152,-1.2635531349252123,-1.4900332189965433,7.171195456336818
153,-1.5901368597018963,1.5483987492647122,-7.1121870530364575
154,-0.9513885351979795,1.2825242549108875,7.172220688044276
155,-1.3016841914475974,7.113376027609307,-1.303878395061882
156,-1.0634488940285356,7.102400999766505,1.529610904991211
157,0.9688205713839367,-7.071017787665917,-1.6159376942990853
158,1.2256133610249305,-7.143715810558436,1.289228275885583
159,1.1029985649297618,-1.342980331316127,-7.161241876487763
160,1.644440837325179,-1.6222605997962307,7.107546969486546
161,1.310978392538426,1.459136647986862,-7.163486657263144
162,1.931970150633158,1.1304727877710135,7.089963512453743
163,1.5260532266451765,7.123561968052233,-1.4243763434526842
164,1.7430166406955372,7.061368136999417,1.4367104020681052
165,6.960533048472148,-1.7698774392190955,-1.8369260962066931
166,7.041110285396353,-1.8516739445880088,1.002746887473861
167,7.0704268032629844,1.1664632677898377,-1.7103991987696583
168,7.131484575772012,1.0732845932230588,1.0981722261251923
169,-5.794149329544732,-5.592252755817333,0.12523992652740254
170,-5.764051041419869,0.13302624865858165,-5.6593699817518175
171,-5.598872531326518,0.11007910456406286,5.8463941879617
172,-5.516994664770657,5.889472616413848,0.2656009491914165
173,-0.5812145801107461,-5.549434616342887,-5.774865046642594
174,-0.009690079987407268,-5.741292429054749,5.699757450366427
175,0.001353039690955746,5.731934616723158,-5.712498786087677
176,0.6622792421068073,5.623919359614185,5.779692749295024
177,5.511368631036774,-5.90490243948397,-0.3242919219884288
178,5.622842171843908,-0.0769746467977092,-5.805282533427692
179,5.893862725765624,-0.35599837177248655,5.513571850927579
180,5.786570442329213,5.621346025955375,-0.11777569628596654
181,-7.2137151691831285,-4.120610507879835,-1.244086687635412
182,-7.1228986750514816,-4.129611324351761,1.5606917372466136
183,-7.297239834830929,-1.1789104207474272,-4.094291483857411
184,-7.08850330356928,-1.27413577127925,4.402663671655318
185,-7.0570998199534,1.5475421023331457,-4.14169289046377
186,-7.097775130504768,1.5951041740153684,4.515633916513987
187,-7.075569919617894,4.719658815645152,-1.252255413505477
188,-7.086002753929029,4.479567424318736,1.5918390674391014
189,-4.454364262521794,-7.063155226425683,-1.3550362640414206
190,-4.346026621903428,-7.098047846321835,1.471003308523766
191,-4.504490136433078,-1.2243862003355257,-7.2275606332563695
192,-4.202875288970993,-1.397351824607609,7.182810252644435
193,-4.409462810105628,1.6166271674930943,-7.11004790313394
194,-4.104676717342821,1.4864626660623448,7.206200888722431
195,-4.156095738708989,7.184840162178089,-1.2999749411298178
196,-3.981094417279086,7.148547116282274,1.66876115408534
197,-1.888775405260114,-6.997642572281533,-4.314228449302616
198,-1.4613835029093507,-7.140330007373868,4.2760442214853605
199,-1.9138358596547063,-4.053961042448473,-7.083307180516639
200,-1.3997161722129818,-4.304042870521856,7.153157561564153
201,-1.4516216561747939,4.325686703528236,-7.141061043061683
202,-0.6725373160702682,4.140976984611273,7.208797664571122
203,-1.3928877940039277,7.154726758534529,-4.2553084665894065
204,-0.8496027038371741,7.186117124663032,4.555220080189897
205,0.8699909239450605,-7.048754574130933,-4.430985045555416
206,1.3748327746227695,-7.157406971560859,4.229277889003707
207,0.9614116555552534,-4.173444524130512,-7.189866297096079
208,1.467047409317152,-4.355322327832135,7.132423133585931
209,1.4065425747168183,4.2987016633787345,-7.1531525142121755
210,1.929506335199221,4.098662845698571,7.1390508709964084
211,1.4409856776715324,7.145199112875993,-4.285225228365968
212,1.8563506069121265,7.078509473324958,4.308298007076688
213,3.9672042661091944,-7.145155828080266,-1.7003754710699321
214,4.140161637400103,-7.204250057692802,1.2510968395127675
215,4.1353444057200495,-1.471716157523825,-7.183072678093476
216,4.461967379844548,-1.685916844943576,7.063002406899155
217,4.225127267883532,1.4086559646820196,-7.166989457950232
218,4.598741463709516,1.13421135491797,7.032366355938071
219,4.333009155627158,7.121420262876402,-1.4734511977984446
220,4.4266874380915375,7.082945652992276,1.3508098111319955
221,6.977515588093689,-4.522851690031469,-1.7857604082572796
222,7.033276966894274,-4.556426525709648,1.100316884902939
223,7.053280081685941,-1.5763950955260682,-4.45639342856268
224,7.159956513465515,-1.7616867294567857,4.010326159654512
225,7.102933874037317,1.3346518185279683,-4.384731743234924
226,7.233429601403181,1.1386285485878622,4.06945320557481
227,7.148683137308274,4.174330165791981,-1.536671270535899
228,7.193842911305951,4.11903456070377,1.2637237996176895
229,-5.893698355713096,-5.5875792539261395,-2.7254643134798466
230,-5.731398837540081,-5.657707142887814,2.912753455278833
231,-5.942288231340437,-2.563726957070006,-5.534870936848031
232,-5.682566890730766,-2.7988335652914196,5.75915163737732
233,-5.763369005503737,3.023668158695566,-5.626117141596063
234,-5.639310181323242,2.937196687546531,5.887831196178295
235,-5.630468134817169,5.869227823243103,-2.7693702499754598
236,-5.591513976160354,5.8013566626039745,3.0650687911565275
237,-3.26788024197321,-5.528348102418174,-5.667502972521662
238,-2.8607747981182285,-5.709868126653011,5.726252963755299
239,-2.835467594672758,5.756344316863803,-5.693098152341765
240,-2.0303283743954776,5.60084194974598,5.949632367233736
241,2.2773116324137552,-5.639356803741425,-5.849836530841696
242,2.8450724433480805,-5.777348554663396,5.661557532587629
243,2.8540519255922074,5.71710930884073,-5.726197780507973
244,3.258495084599194,5.556982507280958,5.672716529075877
245,5.546967548784402,-5.888024365559882,-3.1823141484200663
246,5.638073243323317,-5.862401652477967,2.6619659262512654
247,5.578096687057708,-2.9587446821360532,-5.838681993682965
248,5.783393501499213,-3.1030939107411943,5.56989889233213
249,5.688058053977856,2.8277426921689472,-5.748010417024731
250,5.96112912388818,2.602523743339586,5.5674902892512925
251,5.733212591252695,5.68363817263681,-2.9028325917951903
252,5.866037297119539,5.588229577581092,2.7317677570244623
253,-8.12518426787535,0.5865529528255617,0.22780227437383732
254,-0.1859026721103619,-8.53528364908304,-0.07269942118046663
255,-0.1614719791454132,0.0783234649235302,-8.565864885376282
256,0.22869910323844267,-0.13352378499331194,8.577510375050608
257,0.12811257609712168,8.559126629994005,0.03547875978546536
258,8.485060857769392,-0.26965195378338297,-0.2776263312140807
259,-8.498846299225006,-2.6590625796636833,0.16921477843750024
260,-8.548608283275389,0.22869380940482728,-2.644567176649342
261,-8.492076740224793,0.23817523738703403,2.9912306611568455
262,-8.623432041863692,3.0356397005836637,0.18865031961643391
263,-2.9589816817685644,-8.545615441815471,0.008536043279737608
264,-3.004775679683641,0.16365147213193773,-8.576961546674267
265,-2.725320033421285,0.005351936787497609,8.56771360367901
266,-2.731672482382915,8.55237957473936,0.097242903774864
267,-0.3655230751320708,-8.47322310946649,-2.9359847360091917
268,-0.057822993009115496,-8.56219529837442,2.82075344803978
269,-0.2924525558529172,-2.7354800583646823,-8.551268010032382
270,0.06792556887031699,-2.903752458047283,8.580854344327435
271,-0.04455042205602717,2.8836300768229086,-8.575010299938464
272,0.37568245650959486,2.687473931739199,8.60611207191689
273,0.02518173748232114,8.559768876885252,-2.827819378038053
274,0.27893772072375944,8.495513976038296,2.908554505579888
275,2.6908694930459203,-8.54974856470184,-0.12774094032891473
276,2.7661397611227625,-0.003450306916566875,-8.569012102245823
277,3.090507066961343,-0.20369854074035895,8.545308197417437
278,2.9321641490261965,8.560908604850734,-0.02181448558574525
279,8.462032558834794,-3.1128689526874087,-0.3162251052702548
280,8.523792770058973,-0.15481039677258393,-3.0098346692313136
281,8.53927471609949,-0.24767493236141225,2.626130711138058
282,8.543002596386605,2.690147504426876,-0.14458200874850902
283,-7.2576873642507245,-4.157153847161607,-4.182844348679276
284,-7.135622361831821,-4.227647796730293,4.319882224710631
285,-7.150482592940928,4.406469297311836,-4.189095431921639
286,-7.20969697526146,4.259310202541167,4.2746180042525825
287,-4.489836269311956,-7.0524796015622195,-4.233175326916614
288,-4.2970406677529285,-7.130863437712338,4.298096884253861
289,-4.527549618924099,-4.0633459182139795,-7.051760063186017
290,-4.273495402625959,-4.272916661951965,7.153310848747593
291,-4.305640023546543,4.346368567724769,-7.125912518239039
292,-4.167442299229033,4.318899756311647,7.208900713336862
293,-4.23315475542813,7.1757468672226725,-4.252281866533233
294,-3.783121012840031,6.911966522433337,4.384756778798995
295,3.834219281519859,-7.020469287220234,-4.439806831709487
296,4.247409709042238,-7.175602236344549,4.213646803211732
297,4.10280928980998,-4.322337301283312,-7.172452233166626
298,4.325629460100099,-4.3817359082711915,7.107888048324342
299,4.27545813621049,4.282451274931761,-7.149543768731079
300,4.554537085943588,4.1103582413725555,7.07484085915002
301,4.294089916940931,7.139111050759099,-4.297262331966425
302,4.469405505988452,7.071721906927086,4.232239843591606
303,7.097823408122997,-4.380007658942402,-4.434252809309865
304,7.130926908562048,-4.453215832638513,4.11602334115872
305,7.142100945044414,4.254890198278499,-4.3133006219916625
306,7.247142817349704,4.150798663381228,4.172124955095926
307,-8.607875901531841,-2.7229008166034188,-2.7193221223373323
308,-8.530724866300652,-2.725345511199949,2.928296804705911
309,-8.342888929406763,2.93188045835612,-2.5634844133452765
310,-8.713545596434317,2.9051454003515507,2.8925353926907027
311,-3.0442984090631198,-8.524032528255347,-2.845980129681223
312,-2.8843015183079106,-8.562990679323914,2.8587631007438175
313,-3.0710576199685633,-2.709219633934596,-8.571311197253793
314,-2.8192945606059943,-2.857288221250846,8.577516858195004
315,-2.897609757029799,2.9182973610738454,-8.576783933117424
316,-2.621406498163617,2.8692775969784385,8.508513498543113
317,-2.805019138264905,8.572113956561113,-2.8132648206882593
318,-2.5769759074836576,8.504678044160007,2.990851711338261
319,2.5487676000843154,-8.506256811651996,-2.997508942086583
320,2.8006601507363746,-8.572012579179166,2.797597232683956
321,2.6879317576262225,-2.8562745669480463,-8.54966437401733
322,2.9317395825356085,-2.947024254258743,8.56789750436784
323,2.8324591764915477,2.8579957727018845,-8.572539850876957
324,3.144175851214968,2.6843595197741528,8.540957296463263
325,2.8735914353549226,8.56940994758801,-2.8648440075867416
326,3.0228241324475733,8.547643853783972,2.8296246900445596
327,8.527258374639455,-2.987491956945206,-3.017729889827927
328,8.526424522122612,-3.0819156605453557,2.6144781992192767
329,8.557564160710315,2.774712956116466,-2.920769011280605
330,8.579915187971576,2.7057217713857744,2.7247038434289133
331,-5.8560367439759995,-5.603042734847565,-5.658436842985604
332,-5.71434122052204,-5.697613598365649,5.723553874161198
333,-5.707100653521717,5.755499512998312,-5.681186791638467
334,-5.6559418989075025,5.6476647439338015,5.6379978864384
335,5.622189453646006,-5.7627657583857115,-5.7669413250619765
336,5.7173168428864525,-5.7758303263735,5.654045187263802
337,5.715643079674359,5.707778146083906,-5.7204961462272435
338,5.845314594280661,5.613220924229321,5.644796171931152
339,-9.906551768882656,-1.2807956541092242,-1.2821179501709083
340,-9.892018131324361,-1.2574007873034072,1.4812156254141968
341,-9.98546422770253,1.520953579342385,-1.314243340301306
342,-10.055772636123878,1.4448156220712227,1.4546758882706543
343,-1.5182534302300381,-9.984583473980177,-1.4455111967497603
344,-1.4604650262806262,-9.991806033330898,1.419255931919283
345,-1.537545388868563,-1.3540449030741426,-9.989081797614615
346,-1.382306599754774,-1.4366204723147284,9.995899639828558
347,-1.4656662688454578,1.4710003141503367,-10.012042813931044
348,-1.3205983730037927,1.4125536373627943,9.970497734159116
349,-1.3947746299810162,9.98597998163602,-1.3967746149729579
350,-1.344731223496279,9.978674635938324,1.4717131377023502
351,1.3115417825902889,-9.962037900508317,-1.4844045664020693
352,1.3833802231727277,-9.978680894178014,1.3914938169583917
353,1.3476783745836172,-1.4137141088222598,-9.975698456946406
354,1.5051167578091285,-1.4857744385569738,10.013065082469472
355,1.4000129039555176,1.434412334880361,-9.99162366571951
356,1.5960997753169366,1.3256552156451706,9.993001071632607
357,1.4514788074539058,9.99856969517133,-1.4268089349532858
358,1.4948215764608936,9.991493921337305,1.4362162835476942
359,9.968018075886778,-1.5440313032489565,-1.5432358195712819
360,9.944086238363454,-1.5630083657306018,1.2736787148108355
361,9.970595697190348,1.332837251753253,-1.4984700516004028
362,9.961122015894695,1.3176978755082815,1.3333910331171277
363,-7.177756657244836,-7.103531289564636,-1.3651508228304663
364,-7.15482718423118,-7.109527609999989,1.4635455762043243
365,-7.215471471414623,-1.32048250216003,-7.102043976008091
366,-7.114201675248526,-1.398355242168198,7.162466712432232
367,-7.172804030899168,1.515371829542756,-7.082867822927725
368,-7.113765631464619,1.4580653068078837,7.197844635209771
369,-7.0943490513519825,7.215366766942713,-1.3588336754846067
370,-7.067963061589081,7.206944790835184,1.532419741464615
371,-1.6329953893042037,-7.077423225033957,-7.177284324359622
372,-1.4301997065776941,-7.14441166133106,7.1417332559682265
373,-1.4222844990205592,7.15370632941499,-7.13985280122503
374,-1.2242428784149026,7.207777616897569,7.252061450266589
375,1.2254555945965164,-7.129516766857438,-7.217830640628567
376,1.4258084343047743,-7.153100460151653,7.132267448489315
377,1.4306215797820112,7.1470916743517545,-7.141967091538751
378,1.6189362607976694,7.133421552766828,7.19595847837545
379,7.059030208603856,-7.220108081427223,-1.5644397369396683
380,7.09411556462731,-7.200402318523666,1.3208963478398388
381,7.102219921275266,-1.4596399657483092,-7.170949768648718
382,7.2094220127055415,-1.5635899394439732,7.072297063850091
383,7.121778089025979,1.4093773998148404,-7.152164594411064
384,7.230052158600926,1.291646576560595,7.073422669759611
385,7.160966975442292,7.124461538310878,-1.4553787306348231
386,7.173363569186173,7.105825981863453,1.3764217346136356
387,-8.577311696193524,-5.654013178289805,0.06317451231435806
388,-8.59804339603096,0.10478075077590898,-5.64354875716424
389,-8.559030956045456,0.042523450165393085,5.767401324446345
390,-8.561367839989146,5.823329546907302,0.10758436934200558
391,-5.743864114936599,-8.556145995006524,0.03575293686275839
392,-5.8010202705849245,0.11698243376922801,-8.579322600712349
393,-5.663154494441911,0.02422752355718453,8.582178936271124
394,-5.638609034221558,8.579075215944282,0.07809786340690911
395,-0.21173054368624433,-8.53726874134461,-5.783623187996074
396,-0.008694424263413625,-8.569279445507911,5.703701597963436
397,-0.1803787353014154,-5.665540786907514,-8.593992088907706
398,0.00701271235270781,-5.726026931980872,8.5719030834866
399,-0.001613380681338732,5.723823738028331,-8.571433877751403
400,0.17011040218042567,5.71575539130997,8.616130697623483
401,0.006603463502371615,8.573611176202006,-5.707914849607215
402,0.2207420566667597,8.645223393815646,5.8198073406457205
403,5.634132494337708,-8.584873752153262,-0.09390533487855975
404,5.677219229171297,-0.0177203306525097,-8.570715016148451
405,5.819510938156242,-0.1372576519916484,8.536534214282579
406,5.744024001247787,8.563249355205837,-0.03059619869849129
407,8.5207562288365,-5.817590564119479,-0.15660760737528018
408,8.551901475968894,-0.039382799069663625,-5.748417954779352
409,8.599125225448466,-0.12758433622913345,5.6153626449587914
410,8.577824323850878,5.6631825019875315,-0.04554970766769922
411,-8.585296684578498,-5.665380901912458,-2.800254286970673
412,-8.564117471013189,-5.6731577451498625,2.870582537664775
413,-8.600239498620448,-2.780697212240713,-5.660616969304427
414,-8.558027347823405,-2.824442134075593,5.72194649210522
415,-8.545233619282664,2.8988374764836538,-5.61965782637057
416,-8.587779097961251,2.9016940438906946,5.779669643966101
417,-8.575021017977997,5.777808496524739,-2.8244138329211714
418,-8.570417504687134,5.772901974508042,2.9079185273624892
419,-5.760833029259581,-8.554777417258421,-2.826861380665343
420,-5.721431229227035,-8.561667731145073,2.8696649096244307
421,-5.806617558431405,-2.7877027175979685,-8.567098738967323
422,-5.6957316065751336,-2.841965704007326,8.573445397861665
423,-5.755699803718908,2.9175115624911787,-8.569590592574936
424,-5.658548555826489,2.8687312062963413,8.585366043869348
425,-5.672611673687672,8.578452208171855,-2.8220054520935536
426,-5.584627048432339,8.516652137200628,2.9589422649849784
427,-2.9789586552137624,-8.534748374985059,-5.736161908671259
428,-2.8592723395326756,-8.567036307288332,5.715325074467891
429,-2.9789285683465963,-5.647181409195496,-8.558792626667843
430,-2.8530803234548174,-5.7114945636806445,8.571686937532231
431,-2.8587928167892045,5.731889033336433,-8.569591909633923
432,-2.7198467359357923,5.67950404544149,8.549132257305391
433,-2.8409774535140184,8.577846688512011,-5.703808203639972
434,-2.7277416159055408,8.537199037428586,5.754139630308069
435,2.7069536059495642,-8.550281481034315,-5.769460859381021
436,2.844987754176953,-8.568064049189845,5.692752387694606
437,2.74573832835811,-5.6924422552511365,-8.571618634520108
438,2.8681714652391466,-5.737493001866411,8.569195992777757
439,2.856834493813267,5.716066248148915,-8.569082151230521
440,2.9763210078216913,5.6738569157151675,8.569921416897815
441,2.8602189367619206,8.571606733119623,-5.712239339279576
442,2.976114060195004,8.561407421656812,5.734355825950046
443,5.58240042565547,-8.531153205992773,-2.9625815750437274
444,5.681526228120636,-8.57546754960011,2.8087738791223624
445,5.658923914720096,-2.8712643284804304,-8.567246098697577
446,5.774440856341888,-2.93645169040219,8.56252888216353
447,5.703144977969082,2.849680965366274,-8.567568385043817
448,5.811665100435598,2.7579138028203394,8.540190446769047
449,5.724873739211543,8.569177208486002,-2.866676290095093
450,5.757932237725809,8.5585254731748,2.828267207826091
451,8.559316831394298,-5.792473499712198,-2.948675710334722
452,8.559982011407357,-5.771567582957085,2.7619450145705375
453,8.56098661969224,-2.8933854292307735,-5.771361657325177
454,8.57411906182096,-2.9379004086261373,5.628240008914554
455,8.565190978580896,2.840719760663846,-5.720892593493797
456,8.600778772500744,2.7817343110287545,5.658070839370229
457,8.573612679179737,5.693148781816602,-2.866879756695239
458,8.584997995617927,5.667038070938744,2.8072332430161904
459,-9.983768741841644,-4.230095342054663,-1.378118213556701
460,-9.972004541933336,-4.215055284101235,1.4575206965065814
461,-9.99003871406174,-1.3677728024245568,-4.222903804176604
462,-9.978879108829556,-1.3779793669609797,4.298224544983011
463,-9.963978744605862,1.4993019146678521,-4.201094453351471
464,-10.023150213385229,1.455044868682336,4.346274017568884
465,-9.970692799592692,4.337061913079319,-1.3963987937917175
466,-10.033478433897681,4.364804575537141,1.4716613529933928
467,-4.321494700629498,-9.999510340412838,-1.4120067862743664
468,-4.297524559209873,-9.99786108385472,1.4398796040448036
469,-4.354076373992239,-1.3636990063089895,-10.01982224138368
470,-4.255809022257296,-1.4149744301671892,9.990726850993807
471,-4.325142203125797,1.4855096627876618,-10.021273965654206
472,-4.220914847529751,1.4462780819951564,9.978590885716224
473,-4.2497528484914575,9.987026116093094,-1.3950456608846393
474,-4.222843225639347,9.971390993316993,1.4804158516608936
475,-1.5305325562477994,-9.98489166751864,-4.310046490172818
476,-1.4334189205018197,-9.993317893815608,4.282229534231707
477,-1.516034695569844,-4.24083889105446,-9.992665785226977
478,-1.4182985928055956,-4.287685636800443,10.000007753201013
479,-1.4315121578036094,4.302593808480842,-10.002489665297254
480,-1.3357084183883443,4.266070521518312,9.978870663037624
481,-1.4169166088795966,9.996790280046604,-4.27243070167327
482,-1.3288564933695555,9.99276524191389,4.325809385246526
483,1.2998445476745955,-9.96359679326374,-4.334042019581164
484,1.4173329707083355,-9.988252058040363,4.2700684153380495
485,1.3530325433987358,-4.264242825765224,-9.982965111668252
486,1.4436039658665905,-4.305232172232809,10.006445711086695
487,1.4256556687793986,4.288937745745601,-9.99524639223728
488,1.5254654875155325,4.2550481452259925,9.998475392632702
489,1.430518266788155,9.995891814208221,-4.278875118644599
490,1.5221632717292248,10.002645185603653,4.284939809275566
491,4.212475221964696,-9.965645259397386,-1.4825135110042296
492,4.251178322701826,-9.98332482360566,1.393604314225727
493,4.243820865555753,-1.4383218111056253,-9.979930027991287
494,4.351449110593985,-1.496173483783861,10.018583111700384
495,4.269521330048845,1.4221078400974847,-9.987724994798606
496,4.383800378025761,1.3468290507453728,9.995938373104057
497,4.297899765783973,10.001714228755729,-1.4376275567298376
498,4.320464925977351,10.00424258877537,1.4102411757751991
499,10.002712213605703,-4.359201411339111,-1.5180685683927313
500,9.978337738404468,-4.362905123995439,1.313005186848108
501,10.003639031998334,-1.4674007873519077,-4.331113111208796
502,9.979897313958851,-1.498824126840131,4.196278592949695
503,9.993155449483398,1.3983053871231041,-4.304802146306659
504,9.98670186368382,1.3709501331948692,4.229107893921932
505,9.988231541510336,4.243669986417748,-1.447148012252157
506,9.9852285999734,4.235761809405938,1.3939595713928616
507,-7.170133529774055,-7.111161432084232,-4.250915434030692
508,-7.143531028301586,-7.128500703393002,4.291915517300232
509,-7.180383718383842,-4.213959170154561,-7.10727780193868
510,-7.133622678852848,-4.269477986735478,7.1438059604141655
511,-7.161679100189808,4.320587155580419,-7.122805405218146
512,-7.124573584327515,4.32251677032811,7.165954755445758
513,-7.127397970644648,7.165710341093385,-4.26306732875878
514,-7.15408302919319,7.16480055243494,4.3326564830653895
515,-4.375419912298017,-7.085719824965465,-7.129035561318937
516,-4.2847308502345705,-7.137149390372078,7.144171114614769
517,-4.279525879529688,7.153217421950013,-7.13277524835142
518,-4.189516361578833,7.075331384316401,7.099795027025932
519,4.186461266512794,-7.122050795319691,-7.1444310787413015
520,4.285865598558112,-7.15165891560561,7.127870238782355
521,4.287928391219384,7.142923377896102,-7.1402777585920205
522,4.371333456322346,7.105779152657501,7.133722359655608
523,7.161247986872756,-7.197280257533883,-4.356762145763534
524,7.133109079059444,-7.157268084555753,4.2393366912668276
525,7.11046034071468,-4.309894995630657,-7.16726033464245
526,7.169004150760484,-4.336525262856278,7.114220201127836
527,7.139360937306291,4.279304495848353,-7.140964328817157
528,7.186488469303689,4.223203244380367,7.108778835298969
529,7.148300891434492,7.138420045538071,-4.289211468800435
530,7.169310277784724,7.112833062682476,4.251256334105077
