,x,y,z
0,0.10320932718720739,0.17691158247685482,-0.02589941240356668
1,-1.313456245322312,-1.3970105386336409,-1.4671469591150617
2,-1.415737987220469,-1.4448282913563217,1.3357441576345406
3,-1.3684822704783504,1.5279110735494559,-1.4472821598452008
4,-1.456546302169977,1.4758978572533379,1.3791458838916344
5,1.5088173256174133,-1.3362990233010275,-1.4035346724821465
6,1.4111883401033498,-1.3826874300517136,1.4243060485319377
7,1.4745822721417359,1.5951995797496865,-1.3925246808571494
8,1.3797610792290258,1.5427313896410952,1.4850877362598065
9,-2.836866895399204,0.014225691321515523,-0.09419737887732887
10,0.07339831304139782,-2.8912688796182335,-0.03881985988013655
11,0.10616183057351684,0.10434339687032773,-2.8744140116398222
12,-0.07908644078075751,0.010750372943873801,2.8517414686485063
13,-0.006512737828619685,3.0310141089897873,0.029906721005130383
14,2.886959667746881,0.13148046944811712,0.06575013599470207
15,-2.7718115814709887,-2.9046618469116194,-0.1123326252290064
16,-2.746621790072839,0.03952593288165703,-2.887276404967426
17,-2.909785993314402,-0.03743791509649639,2.728469648373201
18,-2.854077943012389,2.9157036197390775,-0.0402481083063072
19,0.1430262431218774,-2.8191136725976103,-2.8526616287209583
20,-0.02076443823428859,-2.8769788009109876,2.8036084222332613
21,0.045925925627929694,2.993904755477008,-2.837881978398135
22,-0.10409427371837991,2.900380177387256,2.8962259103968107
23,2.8961703593441057,-2.7945400978573454,0.02757700369259809
24,2.922434229598575,0.14527484694147066,-2.79275246964636
25,2.781128913679365,0.05659037039943248,2.887502471036505
26,2.829849050988026,3.0088712261163857,0.09464336175836348
27,-4.187696967881125,-1.4508711657966635,-1.525285688864598
28,-4.255494702583078,-1.4868354196479885,1.2750144225542168
29,-4.2309236991239265,1.453025912342349,-1.4929115823849899
30,-4.300824030474015,1.4168208409490965,1.3107463561892143
31,-1.3062756537503606,-4.312852911670335,-1.48746709131409
32,-1.3816393039160924,-4.330147050625035,1.3536571317237316
33,-1.2888694638092535,-1.3888203091468507,-4.271761929065686
34,-1.5163062802350225,-1.4779968272159512,4.1913960159939805
35,-1.346390570585772,1.5151177422667785,-4.26985576755978
36,-1.5576539386009014,1.3894822567047524,4.233895150087998
37,-1.4214918500567126,4.385381634523133,-1.423070922461807
38,-1.4842644954653355,4.345751700623267,1.4546089474310568
39,1.5387720032492345,-4.264520575552151,-1.4276168819588573
40,1.466621912579192,-4.281973684646338,1.4207530495322123
41,1.5470564355057785,-1.337978945762938,-4.2400747754210055
42,1.3518900397220355,-1.4332335626606962,4.253616867066806
43,1.501901358207708,1.5574532924963556,-4.245419006018693
44,1.3096431410478333,1.4346252504410082,4.305431654695503
45,1.4406404427070818,4.4235264438137785,-1.3822798218995656
46,1.370324870595524,4.386160855068757,1.5299548718051856
47,4.3144925760093304,-1.3055830630791154,-1.3565515055660786
48,4.260450321929043,-1.3464764861895497,1.4768879497054876
49,4.290635926542858,1.5883814932852969,-1.3319391024451768
50,4.229098146359902,1.547149047074797,1.5227942872622997
51,-2.7173563483972,-2.8636461021295543,-2.897625331893735
52,-2.8627371094908036,-2.9183136273703933,2.729074396862354
53,-2.81602920349995,2.9250223972121296,-2.8620206540428654
54,-2.9348239988898417,2.841498338280479,2.7986308287970405
55,2.9520937157615603,-2.769829386223841,-2.8072926390553925
56,2.8359510840452384,-2.826244556243336,2.8541569798065303
57,2.8943958441908304,3.0054480502950534,-2.7986530832807124
58,2.7666171465685743,2.9287014596382854,2.955485401517705
59,-5.673019905195371,-0.03462982490480957,-0.12513139679411286
60,0.08466440260239627,-5.737666787286539,-0.029348837622029222
61,0.09645421526992819,0.07214615947435042,-5.678663019996234
62,-0.12448502790965885,-0.05002305684435789,5.6679502593703885
63,-0.019177528445198246,5.796116597466601,0.0501456911605609
64,5.694272496355532,0.12225474047510758,0.09046773609208174
65,-4.189249947567364,-4.330861875335541,-1.515002411942294
66,-4.24248150039729,-4.349621016502383,1.3043279852767342
67,-4.16656741213631,-1.4272001611894554,-4.307562660339188
68,-4.328572235522297,-1.4998482430507325,4.147877173856051
69,-4.215281568458265,1.4531096001028343,-4.291199906021879
70,-4.358414986817497,1.3626535677629912,4.181578936504613
71,-4.278235475375151,4.332043361929074,-1.439047285112509
72,-4.320210763493369,4.2950772240521164,1.390187767225673
73,-1.2865913370536568,-4.2839690726850534,-4.281966072507551
74,-1.4529667436253357,-4.3190946818277025,4.221237776283563
75,-1.4109600160492377,4.354417820367153,-4.284418917641644
76,-1.5549857961828333,4.2698844038683905,4.3002199394932985
77,1.5588866993831685,-4.251616905057396,-4.253930174657716
78,1.4190416269351929,-4.282408305656593,4.269203972584672
79,1.4616987771320533,4.380121362089928,-4.26706668316002
80,1.3147188684382518,4.296900289666421,4.370655559590686
81,4.343636622678637,-4.22235443403294,-1.3904959663247451
82,4.300706518327642,-4.243248573614186,1.4472308931698286
83,4.3490618259913285,-1.316509119063643,-4.216444668403418
84,4.2325392213167925,-1.397692536888792,4.292023758093718
85,4.329096592208457,1.551484781659956,-4.225471434587616
86,4.192056430221849,1.4566017267317122,4.345051300689743
87,4.2975270001537265,4.391485408052841,-1.3432470552053764
88,4.24309890285557,4.365552629625051,1.5458869716724566
89,-5.656973346798565,-2.909375049429022,-0.1285176504812207
90,-5.631241081794772,-0.008349227559269153,-2.912838470026768
91,-5.721193559101267,-0.06455320498936011,2.7093215317288046
92,-5.7138059072616025,2.8601954148144557,-0.0718355310968418
93,-2.7730968061693577,-5.760894157946643,-0.0761187680854009
94,-2.753240128693902,0.02950278436640644,-5.693648047521151
95,-2.964383675536636,-0.07426374531789097,5.628186755786865
96,-2.869433587337707,5.762879589373702,0.006815969157579786
97,0.13059555246988883,-5.726567848066065,-2.8658558382069206
98,0.02058432919064975,-5.728531634337223,2.8323940957220706
99,0.1274159951204809,-2.818819371660053,-5.674240032174463
100,-0.06449496355547461,-2.88295837498563,5.658715487556653
101,0.04066063637038313,2.9307799302230086,-5.69392587783652
102,-0.14620449710966585,2.8107583446302535,5.717857662065071
103,0.012575895775338151,5.791476754691797,-2.8497316946420783
104,-0.0818898688308576,5.748592711238684,2.9354347823327944
105,2.9147924444543296,-5.692540957238782,0.010636288915497316
106,2.9228413377359224,0.09456833334949,-5.665473346488939
107,2.758574688251212,-0.013294671921769478,5.714482225466477
108,2.844141235563201,5.792810169058885,0.08447718955910284
109,5.719025484235078,-2.775417252275688,0.048990279505481134
110,5.734154557801886,0.13202426972608025,-2.769122153848767
111,5.660479853014336,0.06911245320367607,2.9083932718522227
112,5.700121241311933,2.962706227660289,0.10902663194316904
113,-5.61927016019554,-2.883899167148867,-2.9245879608756713
114,-5.7065888235204465,-2.919860233595104,2.714027507742928
115,-5.684312775215205,2.875463382693552,-2.8707751843510168
116,-5.748862785994443,2.8199432137348865,2.773354655796765
117,-2.7503814214036217,-5.741141118339643,-2.9001391884395846
118,-2.839779140574079,-5.752706450288059,2.7878557031575792
119,-2.730876530017385,-2.8509884440153153,-5.703190410130081
120,-2.9226172489218416,-2.913087135002135,5.626535024401444
121,-2.826112564018676,2.8919520416889184,-5.702669793631252
122,-2.9741067470445652,2.792531865956308,5.675140494532543
123,-2.853664171791953,5.76045958109301,-2.856214940051106
124,-2.9271603732578444,5.724167124882958,2.865655075260504
125,2.95393861805576,-5.689097941975139,-2.831501556527417
126,2.870303652088823,-5.701881214205172,2.8610195413636603
127,2.9492811217876023,-2.79330906650407,-5.662713706146734
128,2.8241888408497213,-2.8475344468093544,5.6969703989198575
129,2.8970542765541305,2.9349239649670826,-5.688490329963159
130,2.7456964667183823,2.838110220040765,5.771793589931113
131,2.883557355906376,5.788487218722018,-2.8229928537695352
132,2.800027706722952,5.748499103749741,2.97404972615252
133,5.751338669390946,-2.763955254076698,-2.7946175610614112
134,5.701374422056299,-2.809581363460054,2.8722147039563843
135,5.741474757987666,2.958120505390729,-2.780773421662588
136,5.6582005513849305,2.909305718172934,2.9578489392796667
137,-4.1772120215526325,-4.298469438637556,-4.3160461109730734
138,-4.305331020109612,-4.334749866290807,4.184586035734938
139,-4.273447848407054,4.3130865760071355,-4.28189045402427
140,-4.357008381407252,4.2470722085318275,4.247631094401044
141,4.359166756590077,-4.226615506228123,-4.239026460732321
142,4.286610385325216,-4.261170309701304,4.284276268863145
143,4.322730838348128,4.356393437213764,-4.250649397063924
144,4.213351446311513,4.298637017884342,4.393700342749154
145,-7.085294101658038,-1.4631787318694014,-1.524335083091693
146,-7.119809212922989,-1.4798739165162498,1.296164770000449
147,-7.110234332559084,1.4110076851029396,-1.4945234075103082
148,-7.136457014714629,1.3895843987495042,1.324575735404823
149,-1.3381275145642706,-7.171890403936884,-1.4637061710970665
150,-1.3819190119284763,-7.168236908826357,1.3983383032070262
151,-1.3318464717019673,-1.4038764479097394,-7.110025678362788
152,-1.5213938241089877,-1.487772588968092,7.081565500550113
153,-1.3789694153727476,1.465927717413769,-7.118260663601581
154,-1.5513217504166728,1.3554505248559627,7.104448182523949
155,-1.4226767258330892,7.181978573377791,-1.4212025566589752
156,-1.4594175806043819,7.173158972388765,1.465078369763403
157,1.5112743037733982,-7.151139811181111,-1.4272380533545588
158,1.465762988845554,-7.144770267236745,1.4267933979836196
159,1.5053423753852289,-1.3811888526722178,-7.102187951696749
160,1.3499975521961929,-1.458040378519254,7.112066051329985
161,1.4702125085848528,1.483684482557855,-7.11499059514752
162,1.3092168018486843,1.377858915392887,7.135919034564771
163,1.4360327922535185,7.193462806707306,-1.3972456009987944
164,1.4024258752966152,7.173755188431158,1.5063045333481588
165,7.140563237374559,-1.3331169261276763,-1.3599443232674218
166,7.123123344705012,-1.3587448882141075,1.4738013900406592
167,7.147873952174631,1.5251365434283808,-1.3372587055835385
168,7.119377755708639,1.5019992181164046,1.5113624290130065
169,-5.672930618466516,-5.7525641537996695,-0.08604139416278471
170,-5.650796875213594,-0.0023689674912997696,-5.709354120541307
171,-5.756505067910687,-0.06844818548027916,5.621832182157851
172,-5.723346151735038,5.730605673649856,-0.0028418693391368526
173,0.10486341463831056,-5.707125778592126,-5.692149160130966
174,-0.007588184811808202,-5.706703992344859,5.704472485414009
175,0.0027535973007586133,5.744195414663125,-5.720480594371851
176,-0.11161280753214844,5.699947760091245,5.751579554426774
177,5.734936047665652,-5.682288522734541,0.014433215347620298
178,5.741178525843797,0.07429674000956771,-5.668568879132995
179,5.659610890466885,0.011905262162248218,5.731695435915815
180,5.708849066552428,5.764773230218868,0.08757370973385747
181,-7.093818264215492,-4.31546605304327,-1.5088803869432166
182,-7.122921718003395,-4.325772139533742,1.3254268510650367
183,-7.080248528934164,-1.440980721115795,-4.311127495243511
184,-7.146759360912926,-1.481431977828145,4.174347959289996
185,-7.1052200718214,1.426499958981429,-4.290208468430884
186,-7.156413901750725,1.3683935608638742,4.195296876729123
187,-7.1410537083501975,4.294600050685858,-1.440584183871452
188,-7.157405604262674,4.271296882260757,1.391961430027352
189,-4.222986013331691,-7.168785232426296,-1.475233016404249
190,-4.256038364072724,-7.1643146289914466,1.3707037126441384
191,-4.20537515564115,-1.423233166299745,-7.123341389512065
192,-4.345800568855318,-1.4869863007413986,7.079621681451508
193,-4.2437932632337985,1.429823524999127,-7.1276911483237955
194,-4.361633329547457,1.3626589042049098,7.095251583504804
195,-4.290552154538044,7.1598873728953425,-1.4246054280061162
196,-4.299864545356588,7.159245280136754,1.4303039851004926
197,-1.33841351522794,-7.153129468713135,-4.294672214124823
198,-1.426582679074953,-7.137748501614716,4.283592361887764
199,-1.3317653197154327,-4.273264041014961,-7.116944256417162
200,-1.4666278472520857,-4.2991110611188565,7.10703331792178
201,-1.4274169301871091,4.3029888950224455,-7.138642589423808
202,-1.5383562014093848,4.238658891240455,7.136663474087427
203,-1.4321321409775847,7.167953000918826,-4.291204865060404
204,-1.504366670256373,7.150851472245063,4.320791178667059
205,1.5219661932073916,-7.140661753479672,-4.274474672101928
206,1.4367522733508102,-7.128639860797348,4.289076544827366
207,1.5054278724068522,-4.257985468418776,-7.106133074541565
208,1.4124736780530498,-4.281147987235304,7.124832587943539
209,1.4334408765018383,4.3054618181068225,-7.139998445645662
210,1.3167777671280338,4.251318259623036,7.162889665732186
211,1.4421662422817285,7.15977325365738,-4.295556312470452
212,1.36941833362592,7.14837461103208,4.361956246516836
213,4.331727224456108,-7.127075019711501,-1.4119041457361157
214,4.3009049679011975,-7.126393698740164,1.4300093022514746
215,4.321118745808545,-1.376601558824211,-7.107126889262961
216,4.246294135536121,-1.4254658274335694,7.13898830964915
217,4.311964921222025,1.4731165296102078,-7.12040778209106
218,4.209988853212622,1.403761900472131,7.165461811696484
219,4.293822698170146,7.182755221970578,-1.3824253911468731
220,4.268615803373017,7.165527206468782,1.5124604779913955
221,7.156431788635569,-4.234028994280981,-1.3960924081141601
222,7.141883510057958,-4.254587070176765,1.4338542659549962
223,7.153188699148669,-1.3519878998410637,-4.233397444591808
224,7.117772808069048,-1.3937633792181612,4.29402234274636
225,7.162870985898777,1.4960122176648765,-4.234871080897905
226,7.102410412032361,1.4524339324197622,4.333380754417023
227,7.1529764284429005,4.347321057205969,-1.3563101502473767
228,7.126400477242247,4.329568736474161,1.5221670311883966
229,-5.645221817205625,-5.738829799463656,-2.907764839130612
230,-5.7093369049723215,-5.746478504115097,2.775189287765604
231,-5.637994853780226,-2.858484024334686,-5.720785465854988
232,-5.740328711968113,-2.9021710207136167,5.626596467376155
233,-5.68863917062672,2.859488590917044,-5.709069220842117
234,-5.762911697101736,2.79775394398602,5.6580480257564405
235,-5.7165869377395975,5.727400603343969,-2.8568289608288815
236,-5.743222206342429,5.701757074661688,2.8380446815494635
237,-2.7657407006750105,-5.7116049477936865,-5.716407201540858
238,-2.879134732968571,-5.723611022857494,5.679049777734057
239,-2.859725666994926,5.73485299578582,-5.714556530060342
240,-2.9474697956653526,5.690709156633723,5.717644527805925
241,2.9338740454334054,-5.686955083215634,-5.688468054989822
242,2.863804820759646,-5.70056766221094,5.714744341842072
243,2.8745879817872133,5.730045575882665,-5.718925515480262
244,2.7847133682265106,5.7058770495449895,5.7895847524205255
245,5.754155739300255,-5.678264011940887,-2.8310618431054624
246,5.7182383373611,-5.69389626044636,2.8573389904237185
247,5.744591496967677,-2.7972663907954822,-5.671325539300017
248,5.703044355045589,-2.8313095616361874,5.711535209680976
249,5.744920037225375,2.904807139241786,-5.688050458972701
250,5.652672917354273,2.8485342372721116,5.7744224144074465
251,5.733070103795606,5.762233555214086,-2.8147259272310015
252,5.683511062608185,5.733208345459245,2.9562195085506984
253,-8.549381742855628,-0.0323109827763667,-0.08274087294866642
254,0.044449125475202696,-8.586161551195088,-0.007607817729553269
255,0.04302185125458583,0.02457243512753298,-8.54470983754637
256,-0.08640539321550927,-0.05286337581013514,8.540516275567397
257,0.002564572614542319,8.58761235920379,0.02788595616931095
258,8.566313488087655,0.05821553651420253,0.057446216925137364
259,-8.54531716359545,-2.8859315566214963,-0.083449884665585
260,-8.538804581792187,-0.015335325828621092,-2.892472971916873
261,-8.562287722640077,-0.0417675437274284,2.7669639088710243
262,-8.56553727932168,2.839370948786201,-0.040728523380565096
263,-2.814298635625934,-8.585707221928748,-0.0244944891410563
264,-2.807693573256711,0.007083439138104474,-8.549232296668011
265,-2.9256693630650132,-0.05706657677807405,8.537023459072685
266,-2.8535691949169992,8.58135714534556,0.0032571415159722158
267,0.06812403992164343,-8.583875416639234,-2.8653442401993394
268,0.011099298384257132,-8.562499409230044,2.8649328030960612
269,0.05871623455412084,-2.838647983442265,-8.542949646443654
270,-0.041343687439050515,-2.8746681940283594,8.542685406373208
271,0.002104137644597202,2.868174893476838,-8.561947590832839
272,-0.09455476447201032,2.8077547800134504,8.556485899553726
273,0.006570112009187597,8.579156556955821,-2.863383326607821
274,-0.026123549098973155,8.580039085952057,2.8996503132354086
275,2.886487854477353,-8.568624881356856,0.00813684028140728
276,2.8774322468616544,0.028002168369504296,-8.55341057499641
277,2.7921181397175476,-0.0256683370977576,8.564234247173175
278,2.8573055808780485,8.587321282546123,0.042332578607028507
279,8.565266248763425,-2.8121757566151704,0.024677016309637513
280,8.571792239903886,0.05838023365274761,-2.8079513555922526
281,8.555439400618265,0.03216788226003177,2.887238046740336
282,8.572940369215758,2.9080168484823687,0.067902017576999
283,-7.090274667672038,-4.297878321624141,-4.314022204565332
284,-7.143543263134389,-4.313858314868351,4.212874897527855
285,-7.131678697553342,4.2851806064984945,-4.286407693580405
286,-7.161035190193341,4.254102708648417,4.252876434818683
287,-4.223910085864224,-7.152422768667955,-4.308576749812195
288,-4.291824582037107,-7.142536472818541,4.256664139331996
289,-4.222286369531005,-4.280067564310723,-7.133961221126844
290,-4.315578212483202,-4.304907366765723,7.106187173853574
291,-4.278767407827432,4.29051701404849,-7.137544976261955
292,-4.347657274026976,4.239175553730862,7.12887360497313
293,-4.288451289428444,7.154135561620798,-4.280463286384889
294,-4.325464804252893,7.140491480705654,4.284844701613014
295,4.330813253921544,-7.127232937345475,-4.269864879340921
296,4.2947719311650046,-7.127639778831719,4.289351820246798
297,4.325147073607978,-4.254995188172199,-7.11420704981154
298,4.283836179186475,-4.269591005180667,7.1391754610094855
299,4.296020331676447,4.291344306286756,-7.139766826999418
300,4.225774075325265,4.264440600352089,7.188528847345496
301,4.298773097594214,7.154073843167883,-4.287642895886083
302,4.25377381326747,7.145324960312135,4.3627946199739505
303,7.1564618504518975,-4.2421116594714965,-4.256722182074319
304,7.137876103488722,-4.266083348796223,4.286629910951693
305,7.161456308978016,4.320679265966763,-4.255080112561347
306,7.109570003306855,4.291546954650492,4.355551836149027
307,-8.535674769380645,-2.8744889598993653,-2.8995220898488894
308,-8.559663577327875,-2.8908365866297046,2.775865365599295
309,-8.556481149507864,2.8540876889729123,-2.8634222821899273
310,-8.570558406920494,2.827413714259941,2.8115144141678674
311,-2.8044580420323992,-8.582856575922097,-2.8769384049562383
312,-2.8523951429323358,-8.560635170178967,2.8534802493776086
313,-2.7977464302868507,-2.852925459697362,-8.546676845478872
314,-2.8977105644134036,-2.8824044568897214,8.543751197399013
315,-2.8507359947856687,2.8627447195574995,-8.565228671638717
316,-2.92387135052104,2.805472843443757,8.556399893268617
317,-2.856973928658492,8.581342921669311,-2.852468313638666
318,-2.8766797270944156,8.583872372641894,2.8665398439284253
319,2.9074245763228967,-8.570609581003021,-2.845069567949051
320,2.869827037100421,-8.555662242957741,2.8605390366974945
321,2.889895798549588,-2.8362589096353568,-8.544660056803053
322,2.8367955945817735,-2.856876649149235,8.560269087607455
323,2.8584437387008914,2.8640606649140232,-8.563626328444064
324,2.784204981580032,2.828223911266122,8.576474762897945
325,2.8650654230598325,8.57849705733402,-2.862027248754077
326,2.837077739645023,8.574177819465008,2.916054930817707
327,8.568924593711143,-2.8092114016802827,-2.8263086500725074
328,8.560509622106544,-2.837839446553006,2.859949217674068
329,8.580573165773831,2.8987995390816508,-2.8103815797810667
330,8.555348784385105,2.8818829959602947,2.911306347524931
331,-5.664579627894832,-5.716869457498658,-5.722563935357406
332,-5.724369230553861,-5.72174716557803,5.680455888754583
333,-5.70861552485348,5.718276326625759,-5.711379176084978
334,-5.74138492082253,5.68980022549753,5.702408314650447
335,5.735857101545676,-5.693167088313153,-5.695520160965659
336,5.716695902086434,-5.698701952939349,5.715811687608573
337,5.72429090909737,5.722074381459924,-5.710607861488018
338,5.681010758756547,5.708938933214427,5.775448518569034
339,-9.985944824754108,-1.4415964274987956,-1.4630929571075273
340,-9.986642539243173,-1.4473223259528922,1.379795791197213
341,-9.988695435369463,1.4196407608002661,-1.4470315729557743
342,-9.988102803966065,1.4108417496721417,1.3929496502675718
343,-1.40184917357076,-10.002756876671194,-1.4351892108758424
344,-1.4222793807339953,-9.990968066534467,1.4376225590741036
345,-1.4038389526474198,-1.4235757124295092,-9.98175171749198
346,-1.459504386468649,-1.4502590744809065,9.986157090588287
347,-1.420431246749295,1.4340081189699976,-9.990319124647918
348,-1.470392324026875,1.3933965038897553,9.986726796776695
349,-1.4199793375358536,9.999110150675934,-1.4267177314909896
350,-1.4207596172537094,10.000787270941888,1.4295222339894276
351,1.45536952607274,-10.001929340323548,-1.4234647448310833
352,1.4398573443089642,-9.989578459202626,1.4344334633527958
353,1.4415520621009132,-1.4202941728437553,-9.984478079740612
354,1.398365093001549,-1.4398729356408717,9.987551340944613
355,1.4292783464996945,1.4344488106460604,-9.990392646069019
356,1.379536286397538,1.40408028211307,9.984896880529403
357,1.434627962779722,9.998439851960937,-1.4291145766546896
358,1.4287549995062188,10.000832487334412,1.4520026076512176
359,9.993612396000968,-1.4011622590983592,-1.4089072134575293
360,9.995572471796834,-1.4150487594322623,1.4394830215641634
361,9.998436683103892,1.4549159289327873,-1.396435782154961
362,9.997386901717638,1.449247861938039,1.4583417997778372
363,-7.118371453339865,-7.154429752364301,-1.4640569926589075
364,-7.133003622297783,-7.152966397724473,1.3891452987242334
365,-7.114366365349743,-1.4283262964125907,-7.132440018056899
366,-7.157990047862909,-1.4570932804839964,7.097422222552633
367,-7.117870575741955,1.4235940348167273,-7.135591605776119
368,-7.15905235388248,1.3905038470489113,7.103984346115971
369,-7.147803069033613,7.141227438372451,-1.4250704535351135
370,-7.144267857609924,7.142968630072705,1.4333007099849324
371,-1.3776040152582907,-7.137756360211865,-7.130884177647124
372,-1.427612056188075,-7.135322127369421,7.138310722536416
373,-1.428596122773168,7.151366211352437,-7.14013255270194
374,-1.483819860352171,7.1347026588413005,7.152288997249196
375,1.47152089903753,-7.133358006848802,-7.1284984564864375
376,1.4316897825195962,-7.13285706329116,7.140610460892147
377,1.4352262466406664,7.148221566467288,-7.1401202162537425
378,1.3751483502322084,7.131333980738702,7.165839956157871
379,7.150071269737412,-7.129556531051721,-1.4269221947237416
380,7.145192181423814,-7.127920113535348,1.4282681591775013
381,7.14371091131442,-1.4146866208679798,-7.128894707247735
382,7.135580437601527,-1.4138153796702408,7.1404922874421235
383,7.146920957936166,1.435181038910129,-7.135304351213735
384,7.126999140644612,1.4234983957457474,7.147853246201319
385,7.148759993239537,7.154960719486179,-1.3927311668949085
386,7.139575094726425,7.149961868049797,1.4825077841171512
387,-8.555850380078983,-5.72637091607091,-0.0464090067190433
388,-8.547689310003506,1.2327956545371698e-05,-5.709754345762448
389,-8.57235100610982,-0.03157581955271934,5.664080997342516
390,-8.572481211752217,5.711140565147187,0.0031412661089944664
391,-5.695841466087079,-8.574450021325845,-0.021667641278050768
392,-5.685821969059571,-0.004375976324395653,-8.557999021300422
393,-5.742244321757847,-0.03498885850651997,8.54279616754476
394,-5.717000223742527,8.571944075434944,0.002811998987650347
395,0.0484084711569722,-8.57067829367602,-5.707317221875457
396,0.005069335859849335,-8.561175079542839,5.713567971224213
397,0.041076582584059315,-5.704388388894517,-8.55283754325569
398,-0.000482657057031593,-5.7076690467524305,8.564159275362048
399,0.0017984766393999597,5.719960593770161,-8.564188073070484
400,-0.06001716489375158,5.692164264325909,8.573382940419965
401,0.0033627718295662586,8.575422107286226,-5.713563452372022
402,-0.038656292355298404,8.572878664843401,5.7369498848614535
403,5.723186324561416,-8.559819057303878,0.0013490567502884307
404,5.715539080470748,0.005833061999017515,-8.56133871883607
405,5.696631583243264,-0.0026548956738267327,8.573484267366988
406,5.714788183086102,8.575760306560866,0.03551874772990678
407,8.57461164206231,-5.701297691501926,0.00046756386428913196
408,8.572096670752995,0.014846379638807793,-5.702007235382444
409,8.564349645488878,0.009769678502388033,5.713296845821653
410,8.57505717855405,5.729966891205405,0.04817904267707127
411,-8.553125722248327,-5.717556352406574,-2.875924919825949
412,-8.566646522715988,-5.720164919233838,2.822971566936788
413,-8.55223408307104,-2.8530112558475333,-5.707270810688439
414,-8.565396955917093,-2.869584284340405,5.673836450786491
415,-8.557292706153989,2.8522958327875396,-5.709581653708793
416,-8.569669521714953,2.82873988716022,5.68461298475906
417,-8.568303543885104,5.711527255946336,-2.857263158575681
418,-8.567173802315786,5.713270166441803,2.8605294493497593
419,-5.689408203590322,-8.569618633006382,-2.869617067174537
420,-5.7086736393201525,-8.564515630224259,2.8483352481836937
421,-5.688094843122256,-2.85204868220087,-8.555533226224444
422,-5.729633059987355,-2.8690820838204334,8.553959551206056
423,-5.7009486571851555,2.8540687232865136,-8.56310376409766
424,-5.735497456945556,2.8281552483442476,8.560740403462217
425,-5.716027586536145,8.57154313415142,-2.851901074480494
426,-5.7119746784755385,8.574755072850245,2.8566652264891146
427,-2.823691893461401,-8.569082375245387,-5.716481568566209
428,-2.858578580822043,-8.559968105775088,5.714445075262723
429,-2.8206212822380947,-5.703316877098295,-8.55482644837659
430,-2.8559835459741603,-5.708294773220325,8.565761772423512
431,-2.8536413022029388,5.717669751952161,-8.565556566690766
432,-2.8920407937911388,5.695537324903526,8.566967823797315
433,-2.858849932030137,8.57572447096076,-5.711515891058922
434,-2.8848586289444165,8.576586429146113,5.722162901839348
435,2.8863878232951614,-8.567899269033946,-5.7091551879810885
436,2.8620048218078167,-8.55915173566762,5.7150242148116135
437,2.8735356535443377,-5.701143376909758,-8.555764626974229
438,2.8589521996523057,-5.705112276317716,8.567637258931537
439,2.859426587374422,5.7138103310996335,-8.564818066894077
440,2.8126312746588105,5.695855105726656,8.581307435937092
441,2.8628142150273144,8.575433470299666,-5.712937604668047
442,2.8370158686189675,8.571327567166005,5.7467728800171765
443,5.721406781939582,-8.56206601423415,-2.852726046339725
444,5.718068824294884,-8.557715574092992,2.8586790784925857
445,5.71651253735167,-2.8492814911079054,-8.558039569473118
446,5.71218675343553,-2.848088983751285,8.56688973471163
447,5.717189802738521,2.858764026161977,-8.56389770176254
448,5.696298486138589,2.8442742760751236,8.576347228504112
449,5.721947790375872,8.572061192001804,-2.855239594981615
450,5.7104952696796145,8.568764349415204,2.896059887537479
451,8.574223245764077,-5.699782940475256,-2.852921342585692
452,8.567773222087556,-5.7016484139264465,2.8577828689533615
453,8.56917559609178,-2.8426656209540715,-5.702422812112416
454,8.565952711860348,-2.8419799784337814,5.7105091154907575
455,8.5736999028271,2.8646938377703153,-5.709658312164022
456,8.563047250644363,2.856191166433174,5.722663417009967
457,8.578410225923218,5.726503558093622,-2.8386828829257156
458,8.565758991452332,5.7204632645920555,2.9011743412742597
459,-9.989808848353908,-4.289135869758894,-1.4489164322415977
460,-9.990172494136093,-4.29315962365149,1.3974302963105545
461,-9.984548358201096,-1.4241330116188242,-4.2830597466807925
462,-9.98587531854724,-1.443831691226212,4.247487879886332
463,-9.986606050956238,1.427373749763485,-4.282355503300029
464,-9.986962179936583,1.4104231274163994,4.256565729706372
465,-9.992750898466479,4.282285396150461,-1.4278185246681845
466,-9.993570043600629,4.28310489902951,1.4309189881493498
467,-4.271142990236543,-9.99267148380015,-1.4312681006505263
468,-4.278297385756117,-9.99053100191385,1.4301626305197137
469,-4.263713133760887,-1.4286366638962258,-9.983569092134122
470,-4.301325203602151,-1.4418255274459102,9.99274739161778
471,-4.2744730285665655,1.4274937043394915,-9.990456404395635
472,-4.306261026556965,1.403010433155374,9.991172938045668
473,-4.283559322661,9.998863998991059,-1.4240557107521887
474,-4.280923556775162,9.998734314902006,1.428133517379011
475,-1.4045861425275183,-9.997745192308779,-4.289501633962974
476,-1.4259536875160461,-9.98682195587055,4.287275942415028
477,-1.4089885868793732,-4.2793997747434505,-9.984737519138221
478,-1.4266205950418227,-4.280443571931578,9.992901694077755
479,-1.4249948790855012,4.288939885450016,-9.992066941931103
480,-1.4593046428863512,4.263041620029828,9.993167429728086
481,-1.426238657465183,10.000539807931805,-4.283846792818989
482,-1.436860017571377,10.004888317588387,4.291860288128575
483,1.4571252808254096,-10.000735986675865,-4.281446752683035
484,1.4354076387014751,-9.988168005064011,4.286835458436429
485,1.4383911949797876,-4.27827714748151,-9.986025755710175
486,1.4270455862906675,-4.2807984447133425,9.994217113020914
487,1.4296623062958467,4.28896733418684,-9.99239437748023
488,1.3913497651480802,4.267030781005231,9.990637862629221
489,1.4304069938182045,10.000944760457145,-4.284726329473014
490,1.4189933615519896,10.00074403159687,4.306470564562644
491,4.296246550291542,-9.99504069545664,-1.4230946962521567
492,4.29222601208231,-9.98867200499382,1.4318044838857744
493,4.285411034988237,-1.4252429161767302,-9.986068758063373
494,4.2747645564580905,-1.4298761094568129,9.993925308103904
495,4.2866038529395425,1.4318031014074022,-9.990412621119695
496,4.264662832609024,1.4223606577744283,9.993956625482218
497,4.289882732218733,9.997169408252715,-1.4281428521184465
498,4.2863242201124025,9.996380408837533,1.4495371113924032
499,9.998941836591337,-4.273368916946148,-1.4251641219593998
500,9.994228519608614,-4.274287154128287,1.4315827832585497
501,9.996511243035767,-1.4169114413479855,-4.277926395382356
502,9.995207794891797,-1.419530210332347,4.285176616155886
503,9.999035770396045,1.4373257144368923,-4.277397298672141
504,9.994768567852049,1.4335785161817665,4.287882964710832
505,10.003793853875662,4.299636901122024,-1.4076415289963522
506,10.003714455197786,4.296852070124222,1.458518544721531
507,-7.1239103312530165,-7.139616004574264,-4.29080834789106
508,-7.140856897304314,-7.1391825938762725,4.2746191672711715
509,-7.12462114372193,-4.279825345282435,-7.131945680258986
510,-7.143547989430755,-4.286657813367852,7.125003801005453
511,-7.132674272106935,4.282304766093586,-7.1360071782904475
512,-7.147428629952787,4.263987729317656,7.129509061740867
513,-7.140829590045462,7.142428044190884,-4.283253149678169
514,-7.136273242585068,7.143047199993586,4.286940195863828
515,-4.258022424285529,-7.134707237647793,-7.138334395366056
516,-4.285392756735309,-7.134140381451035,7.142008384339284
517,-4.283631419595094,7.1460882570328526,-7.140202076991534
518,-4.306545539691968,7.13687087165945,7.143593110921748
519,4.29351455101363,-7.135272191760844,-7.133858425648279
520,4.289130157294682,-7.132697119095266,7.142517150282633
521,4.289073369138911,7.143840918034421,-7.139796766754211
522,4.263014955125542,7.13886995509076,7.169480038739718
523,7.148352124122183,-7.134134320610731,-4.280190052190846
524,7.14217914206778,-7.130344024435341,4.286734551209312
525,7.143483782936101,-4.275863558197769,-7.131604804889138
526,7.142881820011777,-4.273476092605047,7.13934554070526
527,7.145568996912741,4.2909958918179125,-7.138948673516397
528,7.134460383126819,4.27697137888427,7.152448870396487
529,7.149181424384514,7.145865608260839,-4.28161871209833
530,7.136010279515397,7.141167590431819,4.322770148386264
